# format: <frame> <x1> <y1> <x2> <y2> <pose> <score>
#
# id: 1
# avgscore: 0.554946
# length: 59
597  438 163 543 279  45 0.54199
598  438 163 543 279  45 0.58955
599  444 163 555 279  30 0.57714
600  444 163 555 279  30 0.55850
601  444 163 555 279  45 0.59124
602  438 166 549 278  30 0.63258
603  441 169 552 279  45 0.68882
604  441 169 552 279  45 0.65959
605  444 169 555 279  45 0.65093
606  444 163 555 279  30 0.63627
607  444 163 555 279  30 0.67139
608  446 163 552 279  30 0.55838
609  444 163 549 279  30 0.46846
610  447 164 552 280  45 0.47414
611  447 169 552 279  45 0.54250
612  444 169 555 279  30 0.58181
613  444 169 555 279  30 0.58238
614  445 171 556 283  30 0.68680
615  448 169 558 285  30 0.67503
616  451 169 561 285  30 0.65934
617  451 169 561 285  45 0.64240
618  451 169 561 285  30 0.64506
619  451 175 561 285  30 0.63560
620  451 175 561 285  30 0.66501
621  451 175 561 285  30 0.74154
622  451 169 549 291  45 0.62866
623  451 169 549 291  45 0.65934
624  451 172 549 288  45 0.70824
625  454 175 552 285  30 0.81504
626  454 175 558 285  45 0.65088
627  457 175 567 285  30 0.60386
628  457 172 567 288  45 0.60798
629  454 173 567 292  30 0.52279
630  454 173 567 292  30 0.46910
631  457 175 567 285  30 0.49547
632  457 175 567 285  30 0.52013
633  457 175 567 285  30 0.50726
634  454 174 560 286  30 0.44613
635  454 180 560 292  45 0.37898
636  454 180 560 292  45 0.41996
637  457 181 561 297  30 0.36939
638  454 180 560 299  45 0.45176
639  454 180 560 299  30 0.40213
640  454 180 560 299  30 0.40174
641  456 180 562 292  30 0.42243
642  457 181 561 291  15 0.43187
643  455 180 567 292  45 0.45174
644  456 180 566 292  30 0.44023
645  456 175 566 291  30 0.47853
646  457 175 561 291  45 0.48036
647  457 175 561 285  45 0.52059
648  457 175 561 285  45 0.49244
649  454 169 558 285  30 0.50692
650  454 169 558 285  30 0.50212
651  449 171 565 283  30 0.56197
652  447 170 567 282  30 0.55979
653  451 168 567 280  30 0.49704
654  451 168 564 280  30 0.44105
655  451 169 555 279  45 0.53944
