# format: <frame> <x1> <y1> <x2> <y2> <pose> <score>
#
# id: 1
# avgscore: -0.148191
# length: 32
899  555 206 659 310  30 -0.06367
900  552 206 662 334  30 -0.12895
901  548 206 660 334  0 -0.09280
902  546 208 658 335  30 -0.11213
903  546 208 658 335  30 -0.06868
904  553 208 665 342  30 -0.13922
905  553 208 665 342  30 -0.04022
906  553 208 665 342  30 -0.12551
907  550 208 669 342  30 -0.14306
908  555 210 683 337  0 -0.16742
909  555 212 683 334  0 -0.14440
910  555 212 683 334  0 -0.11523
911  555 212 683 334  0 -0.14505
912  555 212 683 334  0 -0.15115
913  555 212 683 334  0 -0.09260
914  563 213 675 333  30 -0.09870
915  553 215 665 335  -30 -0.06636
916  558 216 660 312  30 -0.14215
917  553 215 665 335  30 -0.12453
918  545 218 667 340  0 -0.14118
919  543 218 665 340  45 -0.18062
920  543 218 665 340  30 -0.21241
921  566 216 688 312  -30 -0.19187
922  574 216 681 312  0 -0.17925
923  560 216 666 312  30 -0.19382
924  560 213 666 309  30 -0.21706
925  575 213 679 309  0 -0.21902
926  571 211 689 307  -30 -0.25414
927  579 211 691 307  0 -0.14451
928  574 211 686 307  0 -0.18510
929  561 219 673 315  30 -0.23194
930  536 224 671 334  45 -0.22936

# id: 2
# avgscore: -0.386385
# length: 32
899  961 560 1116 705  0 -0.46703
900  961 563 1116 708  0 -0.45651
901  961 563 1116 708  0 -0.42705
902  961 562 1116 708  0 -0.42145
903  961 560 1116 709  0 -0.42638
904  961 560 1116 709  0 -0.40656
905  961 560 1116 709  0 -0.39055
906  961 560 1116 709  0 -0.36897
907  961 560 1116 709  0 -0.36405
908  961 581 1116 709  0 -0.39187
909  961 581 1116 709  0 -0.50689
910  961 581 1116 709  0 -0.50956
911  961 581 1116 709  0 -0.38217
912  961 581 1116 709  0 -0.38187
913  961 562 1116 707  0 -0.39042
914  961 560 1116 709  0 -0.37798
915  961 560 1123 709  0 -0.38109
916  961 560 1123 709  0 -0.40806
917  961 560 1123 709  0 -0.40711
918  961 560 1123 709  0 -0.38216
919  961 560 1123 709  0 -0.39792
920  961 560 1123 709  0 -0.37685
921  961 560 1123 709  0 -0.28047
922  961 560 1123 709  0 -0.31143
923  961 560 1123 709  0 -0.25976
924  961 560 1123 709  0 -0.30957
925  961 560 1123 709  0 -0.30499
926  961 560 1123 705  0 -0.32816
927  961 560 1123 705  0 -0.28745
928  961 560 1123 705  0 -0.40749
929  968 581 1123 705  0 -0.46922
930  968 581 1123 705  0 -0.38327

# id: 3
# avgscore: -0.546909
# length: 25
901  532 354 587 403  60 -0.59646
902  544 350 590 407  75 -0.50590
903  545 350 589 407  75 -2.00000
904  545 351 589 403  60 -0.53314
905  541 351 590 403  75 -0.55688
906  540 351 591 403  90 -0.50840
907  538 351 589 402  75 -0.48342
908  539 351 590 402  60 -0.51355
909  537 351 589 403  60 -0.55439
910  537 351 589 403  60 -0.55996
911  535 354 587 403  60 -0.58547
917  534 359 585 404  60 -0.56722
918  533 359 584 404  60 -0.47345
919  533 359 585 405  60 -0.59000
920  533 359 585 406  60 -2.00000
921  534 358 586 405  60 -2.00000
922  535 357 587 405  60 -2.00000
923  536 356 588 404  60 -2.00000
924  536 355 588 403  75 -0.58613
925  537 353 589 401  75 -0.54502
926  537 353 589 401  75 -2.00000
927  538 353 590 402  75 -2.00000
928  540 352 592 404  75 -2.00000
929  541 351 594 405  75 -2.00000
930  544 350 597 407  75 -0.59116
