# format: <frame> <x1> <y1> <x2> <y2> <pose> <score>
#
# id: 1
# avgscore: -0.009199
# length: 68
1170  554 158 716 320  -30 0.06909
1171  554 158 716 320  -30 -0.03934
1172  550 158 720 320  45 0.02529
1173  554 158 724 320  -30 0.08675
1174  560 158 727 320  -30 0.16722
1175  562 158 729 320  -30 0.15139
1176  564 158 731 320  -30 0.06291
1177  570 158 732 320  -30 -0.06505
1178  570 154 732 321  -30 -0.06606
1179  581 154 739 321  -30 -0.03678
1180  581 154 739 321  -30 0.01080
1181  578 158 740 320  -30 0.02538
1182  578 158 740 320  -30 -0.05771
1183  581 154 739 321  -30 -0.17000
1184  581 154 739 321  -30 -0.08891
1185  586 163 744 330  -30 -0.03869
1186  590 168 748 335  -30 -0.00410
1187  592 174 750 336  -30 -0.20003
1188  590 179 752 341  -30 -0.16088
1189  590 182 757 352  0 -0.18809
1190  588 194 755 364  0 -0.23680
1191  586 198 756 368  0 -0.21272
1192  586 198 756 368  0 -0.14617
1193  586 206 756 368  0 -0.16266
1194  586 202 756 372  0 -0.17399
1195  586 200 753 376  0 -0.21626
1196  581 200 748 376  0 -0.16317
1197  581 200 748 376  0 -0.18936
1198  581 200 748 376  0 -0.16191
1199  570 198 740 368  0 -0.16170
1200  570 198 740 368  0 -0.24773
1201  576 190 734 360  0 -0.32676
1202  576 196 734 354  -30 -0.51820
1203  571 196 729 354  0 -0.42852
1204  571 191 729 349  -30 -0.26099
1205  571 181 729 339  -30 -0.23792
1206  488 154 692 330  0 -0.08324
1207  488 154 692 330  0 -0.13214
1208  484 156 688 323  0 0.01218
1209  485 158 679 320  0 0.03542
1210  488 158 674 320  0 0.04489
1211  488 158 674 320  30 -0.00911
1212  488 154 674 321  0 0.08660
1213  488 154 674 321  0 0.07727
1214  489 161 675 315  0 0.04527
1215  550 166 712 320  -30 0.19692
1216  558 166 712 320  -30 0.13306
1217  562 166 716 320  -30 0.09482
1218  562 162 716 316  -30 0.11652
1219  497 162 683 316  0 0.06207
1220  497 163 683 321  0 0.09362
1221  502 164 678 322  30 0.16185
1222  560 166 722 328  -30 0.09086
1223  562 163 720 330  -30 0.22061
1224  562 163 720 330  -30 0.24298
1225  548 163 715 330  -30 0.12061
1226  544 163 711 330  -30 0.16587
1227  544 163 711 330  -30 0.23450
1228  539 163 706 330  -30 0.32605
1229  533 166 703 328  -30 0.30476
1230  497 166 667 328  0 0.21289
1231  497 162 667 324  0 0.27433
1232  497 158 667 320  0 0.19694
1233  497 158 667 320  0 0.16141
1234  544 172 701 330  -30 0.08269
1235  544 172 701 330  -30 0.09724
1236  542 174 704 328  0 0.04315
1237  546 182 708 328  -30 0.02528
