# format: <frame> <x1> <y1> <x2> <y2> <pose> <score>
#
# id: 1
# avgscore: -0.081473
# length: 138
247  846 110 936 200  -30 0.02261
248  846 110 936 200  -30 0.02185
249  840 109 931 202  0 -0.08951
250  835 104 926 200  0 -0.16382
251  835 106 925 199  0 -0.13101
252  835 110 920 195  -30 -0.07309
253  836 110 919 195  -30 -0.19749
254  833 109 918 198  -30 -0.16664
255  832 109 915 198  -30 -0.17683
256  830 110 915 200  -30 -0.23160
257  830 110 915 200  -30 -0.22169
258  830 115 915 206  -30 -0.12199
259  830 115 915 206  -30 -0.18460
260  833 115 918 206  -30 -0.27007
261  835 115 920 206  -30 -0.24453
262  835 115 920 206  -30 -0.24808
263  838 115 923 206  -30 -0.24769
264  843 115 923 206  -30 -0.30083
265  848 115 934 206  -30 -0.25463
266  852 112 941 205  -15 -0.28322
267  859 109 948 202  0 -0.18231
268  871 107 959 200  -15 -0.14538
269  880 105 968 198  -15 -0.04809
270  889 105 978 198  0 -0.05602
271  897 104 988 195  -15 0.03161
272  904 104 995 195  -30 0.01527
273  915 104 1006 195  -15 0.02945
274  922 101 1015 199  0 0.00412
275  930 100 1026 198  0 0.03935
276  936 100 1032 198  0 0.09206
277  942 99 1038 216  0 0.11001
278  947 99 1043 216  0 0.16135
279  952 99 1048 195  0 0.18686
280  958 99 1048 195  0 0.26683
281  958 99 1048 195  0 0.25378
282  958 99 1054 195  0 0.22457
283  958 99 1054 195  0 0.27344
284  958 99 1054 195  0 0.27249
285  958 99 1054 200  0 0.14523
286  958 99 1048 200  0 0.16060
287  958 99 1048 200  0 0.21430
288  958 99 1054 200  0 0.27828
289  958 94 1054 211  0 0.30526
290  958 97 1054 214  0 0.27809
291  958 94 1054 216  0 0.28026
292  955 94 1051 216  0 0.27714
293  955 94 1046 216  0 0.21754
294  950 94 1046 216  0 0.13381
295  942 97 1038 214  0 0.10512
296  936 99 1032 195  -30 0.00825
297  936 99 1032 195  -30 -0.23951
298  926 103 1022 191  -45 -0.35023
299  917 105 1006 193  -30 -0.34590
300  913 104 1002 195  -30 -0.44594
301  906 104 994 195  -30 -0.24087
302  899 105 987 198  -30 -0.26217
303  898 106 986 199  -30 -0.21934
304  891 109 980 198  -30 -0.32850
305  888 109 979 198  -30 -0.02817
306  883 110 974 200  -30 0.04432
307  883 110 974 206  -30 0.03668
308  878 110 969 206  0 0.06556
309  875 110 966 222  0 0.08587
310  872 110 963 222  0 0.03434
311  872 110 963 200  -30 0.05914
312  872 110 963 200  -30 0.01794
313  878 110 968 200  -30 -0.00257
314  883 110 969 206  -30 -0.06661
315  888 110 974 206  -30 0.03215
316  888 110 974 200  -30 -0.09104
317  894 110 979 200  -30 -0.21544
318  899 110 979 200  -30 -0.18375
319  899 110 979 200  -30 -0.22604
320  899 110 984 200  -30 -0.22485
321  899 110 984 200  -30 -0.23924
322  908 109 987 198  -30 -0.30050
323  913 109 992 198  -30 -0.28409
324  917 109 1001 198  -45 -0.28641
325  926 106 1011 202  -30 -0.27054
326  926 110 1016 206  -15 -0.17968
327  926 110 1022 206  -15 -0.09151
328  929 110 1025 200  -15 -0.00621
329  942 110 1032 200  -30 -0.01117
330  942 110 1032 200  -30 -0.02188
331  942 110 1038 200  -30 -0.03100
332  942 111 1038 201  -15 -0.01331
333  942 109 1038 202  0 -0.08152
334  939 109 1036 202  0 -0.02230
335  936 109 1033 202  -15 -0.08451
336  936 110 1033 201  0 -0.11335
337  936 109 1033 202  -30 -0.14004
338  932 109 1028 207  0 -0.05302
339  931 110 1027 211  0 -0.13404
340  931 110 1027 211  0 -0.15562
341  926 110 1022 211  0 -0.31399
342  926 110 1022 211  0 -0.31056
343  922 110 1015 211  15 -0.24182
344  917 109 1010 207  0 -0.21134
345  912 109 1005 202  -15 -0.22193
346  907 105 1003 198  0 -0.07945
347  899 105 992 198  0 -0.11918
348  894 105 987 198  0 -0.27345
349  889 105 982 198  0 -0.20788
350  885 105 978 198  0 -0.17021
351  882 106 975 197  0 -0.24041
352  881 107 972 196  0 -0.17015
353  876 109 973 198  -30 -0.23117
354  869 112 962 214  0 -0.16071
355  866 112 959 219  0 -0.18494
356  862 114 955 216  0 -0.20952
357  857 117 950 210  0 -0.15593
358  848 119 945 207  0 -0.12568
359  844 119 941 207  0 -0.20011
360  843 119 936 207  0 -0.22460
361  838 119 931 207  0 -0.18915
362  836 119 929 207  0 -0.13417
363  834 119 927 207  0 -0.00383
364  834 119 927 207  0 0.01268
365  836 117 929 205  0 -0.06937
366  838 114 931 207  0 -0.16638
367  843 112 936 205  0 -0.09306
368  848 112 937 205  0 -0.11915
369  853 112 941 205  0 -0.07231
370  857 114 945 207  0 -0.10472
371  862 114 950 207  0 -0.11457
372  862 114 950 207  0 -0.12875
373  866 114 954 207  0 -0.07542
374  867 114 958 207  0 -0.08078
375  867 114 958 207  0 -0.04690
376  869 119 962 207  0 0.02982
377  871 119 964 207  0 -0.03312
378  871 119 964 207  0 -0.07356
379  876 119 964 207  0 0.03044
380  876 119 964 207  0 0.03523
381  876 119 964 212  0 -0.09913
382  876 119 964 212  0 -0.00976
383  878 117 963 215  0 -0.15734
384  880 109 964 207  -15 -0.28246

# id: 2
# avgscore: -0.344773
# length: 120
247  371 163 472 302  0 -0.43133
248  371 163 472 296  0 -0.38324
249  368 163 475 296  0 -0.38199
250  371 174 478 281  0 -0.42125
251  371 175 481 291  0 -0.44512
252  371 180 481 286  0 -0.47144
253  371 193 481 297  0 -0.43021
254  376 200 483 302  0 -0.50689
255  379 207 486 304  0 -0.45754
256  376 211 488 307  0 -0.46231
257  376 211 488 307  0 -0.44951
258  382 211 488 307  0 -0.35978
259  382 211 488 307  0 -0.43334
260  382 211 488 307  0 -0.45099
261  382 207 488 304  0 -0.48442
262  379 200 486 302  0 -0.46061
263  377 195 487 302  0 -0.38669
264  376 187 483 299  0 -0.35906
265  376 179 483 302  0 -0.35343
266  376 179 483 301  0 -0.33874
267  382 175 483 297  -30 -0.18538
268  382 174 483 286  0 -0.25075
269  379 174 481 286  0 -0.20868
270  376 171 478 283  0 -0.22419
271  376 168 478 280  0 -0.21236
272  375 168 477 280  0 -0.20337
273  369 168 475 280  0 -0.13647
274  369 168 470 280  0 -0.16910
275  366 168 467 280  0 -0.11480
276  366 168 467 280  0 -0.12914
277  363 168 465 280  0 -0.15569
278  358 168 465 280  0 -0.06542
279  358 168 460 280  0 -0.12774
280  353 168 459 280  0 -0.16591
281  353 168 454 280  0 -0.17637
282  348 168 454 280  0 -0.21171
283  347 168 449 280  0 -0.25023
284  342 168 449 286  0 -0.17204
285  341 168 445 286  0 -0.21863
286  339 165 445 283  0 -0.19405
287  334 168 440 280  0 -0.22170
288  334 168 440 280  0 -0.17104
289  334 168 435 280  0 -0.16943
290  334 168 435 280  0 -0.27795
291  328 164 435 280  0 -0.14828
292  322 163 432 279  0 -0.12115
293  316 163 426 279  0 -0.11332
294  318 163 420 275  0 -0.05881
295  312 163 414 275  0 -0.04929
296  310 163 417 275  0 -0.05569
297  307 163 414 275  0 -0.10210
298  305 163 411 275  0 -0.07781
299  304 161 408 273  0 -0.05076
300  303 159 409 275  0 -0.17705
301  303 159 444 328  0 -0.16168
302  303 159 444 328  0 -0.40538
303  316 163 438 273  30 -0.27947
304  337 161 434 267  45 -0.28014
305  360 163 440 265  45 -0.38431
306  361 168 441 270  60 -0.47648
307  355 168 446 270  60 -0.28601
308  360 171 451 273  90 -0.25160
309  366 174 456 275  90 -0.35238
310  374 174 458 275  90 -0.29204
311  382 174 462 275  90 -0.25455
312  382 174 462 275  90 -0.30237
313  382 174 462 275  90 -0.35653
314  390 186 464 275  90 -0.24993
315  393 186 467 275  90 -0.25419
316  395 187 469 275  75 -0.32595
317  395 184 474 272  90 -0.19483
318  389 171 477 273  90 -0.27535
319  387 171 478 273  90 -0.35024
320  372 168 478 275  60 -0.53779
321  366 163 473 270  45 -0.53793
322  364 161 474 272  45 -2.00000
323  360 158 478 275  15 -0.48612
324  360 158 478 275  0 -0.43196
325  355 174 472 275  0 -0.57536
326  358 174 470 275  0 -0.54259
327  359 150 469 279  0 -0.48627
328  359 150 469 279  0 -0.45187
329  359 157 469 286  0 -0.37999
330  360 163 467 291  0 -0.43438
331  368 163 466 291  -30 -0.39474
332  371 163 463 291  -30 -0.43703
333  368 157 466 298  -30 -0.39777
334  368 157 466 298  0 -0.44404
335  365 157 463 298  -30 -0.46263
336  365 164 463 304  -30 -0.49378
337  357 171 455 310  -15 -0.47036
338  353 182 454 315  0 -0.48696
339  353 184 449 312  -15 -0.54931
340  349 184 447 312  -15 -0.59150
341  346 184 444 309  0 -0.56612
342  346 180 444 303  -15 -0.59047
343  346 180 444 303  -15 -0.56852
352  386 237 471 338  45 -0.57043
353  398 237 483 338  45 -0.52678
354  405 230 509 340  -30 -0.51305
365  478 230 588 340  -30 -0.59012
366  485 230 589 340  -30 -0.46124
367  491 230 601 340  -30 -0.45326
368  502 230 609 340  -30 -0.35726
369  514 230 624 340  -30 -0.47620
370  518 231 634 341  -15 -0.58622
371  544 227 696 362  -30 -0.59114
372  553 227 705 362  -30 -2.00000
373  567 225 709 353  -30 -2.00000
374  582 222 712 345  -30 -2.00000
375  610 218 720 329  -15 -0.47221
376  617 212 727 323  -15 -0.44352
377  647 209 763 320  -15 -0.39458
378  647 205 763 317  0 -0.35324
379  675 200 776 312  0 -0.35316
380  682 197 781 310  0 -2.00000
381  696 190 792 307  0 -0.43792
382  707 184 803 302  0 -0.45432
383  709 182 807 300  0 -2.00000
384  712 179 814 296  0 -0.38423

# id: 4
# avgscore: -0.544167
# length: 32
249  570 407 626 447  30 -0.59823
250  572 405 628 449  30 -0.56183
251  572 405 629 449  30 -2.00000
252  571 405 630 449  30 -0.55965
264  563 405 627 450  15 -0.56836
271  559 407 623 452  30 -0.59252
272  561 407 622 452  30 -0.58261
273  559 407 620 452  30 -0.59294
328  529 394 593 455  30 -0.57353
329  526 392 590 453  15 -0.55002
330  529 393 593 452  30 -0.46831
331  537 391 589 448  0 -0.52190
332  539 390 590 447  0 -2.00000
333  540 389 592 447  0 -2.00000
334  541 388 595 447  0 -2.00000
335  543 387 599 448  0 -0.50744
336  543 387 599 449  0 -0.50892
337  535 388 586 450  0 -0.56971
338  535 388 586 450  15 -0.58428
339  536 387 589 449  15 -2.00000
340  538 386 594 447  0 -0.55285
341  540 385 598 446  0 -2.00000
342  543 383 607 444  0 -0.52032
343  543 383 608 445  0 -2.00000
344  545 382 610 446  0 -0.48875
352  618 394 669 458  0 -0.46245
353  625 395 676 459  0 -2.00000
354  639 396 692 460  0 -0.55343
355  648 399 703 463  0 -2.00000
356  666 404 724 468  0 -0.55776
357  682 427 740 491  90 -0.58077
373  800 420 898 506  -60 -0.45925
