# format: <frame> <x1> <y1> <x2> <y2> <pose> <score>
#
# id: 1
# avgscore: 0.569735
# length: 59
986  461 173 602 299  0 -0.08118
987  463 169 598 297  0 -0.10820
988  463 169 598 304  0 -0.04207
989  463 169 598 304  0 0.03405
990  461 166 602 313  0 0.12050
991  461 166 602 321  0 0.12727
992  461 166 602 321  0 0.29341
993  461 166 602 299  0 0.32137
994  461 166 602 299  0 0.50866
995  465 166 603 328  0 0.54051
996  457 166 603 320  0 0.63525
997  461 173 602 306  0 0.60080
998  463 169 598 297  15 0.67783
999  457 169 598 297  15 0.70698
1000  457 169 598 297  15 0.73605
1001  461 173 602 299  0 0.71436
1002  461 173 602 299  0 0.72006
1003  461 173 602 306  0 0.77724
1004  461 173 602 306  0 0.81315
1005  461 173 602 299  0 0.72837
1006  461 173 602 299  0 0.72652
1007  461 173 602 299  0 0.75715
1008  468 173 602 306  0 0.66790
1009  469 175 610 304  0 0.56825
1010  468 173 609 306  0 0.64666
1011  468 173 609 306  0 0.58697
1012  469 175 604 304  0 0.58160
1013  468 173 609 299  0 0.57090
1014  468 173 609 299  0 0.60377
1015  468 173 609 299  0 0.61057
1016  469 175 610 304  0 0.65052
1017  468 173 609 306  0 0.71833
1018  468 173 609 306  0 0.72014
1019  468 173 609 306  0 0.74837
1020  468 173 609 306  0 0.70033
1021  461 166 602 306  0 0.72075
1022  463 169 598 304  0 0.60049
1023  457 163 598 304  0 0.63442
1024  454 166 588 299  0 0.62752
1025  447 166 588 292  0 0.57735
1026  447 159 581 292  0 0.59239
1027  440 166 581 292  0 0.56466
1028  444 169 579 297  0 0.63643
1029  440 166 581 299  0 0.64537
1030  433 166 581 299  0 0.63910
1031  433 166 574 299  0 0.71590
1032  438 169 573 297  0 0.66559
1033  433 166 574 292  0 0.79671
1034  438 169 573 297  0 0.88438
1035  438 169 579 297  0 0.82759
1036  440 166 581 299  0 0.84080
1037  440 173 581 306  0 0.80473
1038  440 173 581 306  0 0.70394
1039  440 180 581 306  0 0.53903
1040  440 187 581 313  0 0.46174
1041  438 187 573 322  0 0.40900
1042  438 193 573 322  0 0.33903
1043  432 187 573 322  0 0.34882
1044  433 187 574 321  0 0.35625

# id: 2
# avgscore: -0.594430
# length: 1
988  778 626 826 666  -60 -0.59443

# id: 3
# avgscore: -0.446060
# length: 1
1014  967 207 1037 274  -15 -0.44606

# id: 4
# avgscore: -0.565310
# length: 1
1015  967 207 1037 278  -15 -0.56531

# id: 5
# avgscore: -0.576790
# length: 1
1015  172 231 223 276  90 -0.57679

# id: 6
# avgscore: -0.598670
# length: 1
1015  220 58 284 129  45 -0.59867

# id: 7
# avgscore: -0.526200
# length: 1
1016  966 206 1037 277  -15 -0.52620

# id: 8
# avgscore: -0.572390
# length: 1
1016  119 612 170 666  30 -0.57239

# id: 9
# avgscore: -0.556720
# length: 1
1017  116 612 170 666  30 -0.55672

# id: 10
# avgscore: -0.576220
# length: 1
1017  967 213 1034 274  -15 -0.57622

# id: 11
# avgscore: -0.558190
# length: 1
1018  958 207 1034 278  0 -0.55819

# id: 12
# avgscore: -0.586010
# length: 1
1018  115 611 170 667  45 -0.58601

# id: 13
# avgscore: -0.464240
# length: 1
1019  964 213 1031 278  -15 -0.46424

# id: 14
# avgscore: -0.574060
# length: 1
1019  118 611 170 667  30 -0.57406

# id: 15
# avgscore: -0.424820
# length: 1
1020  961 213 1028 278  -15 -0.42482

# id: 16
# avgscore: -0.565680
# length: 1
1020  118 611 170 667  30 -0.56568

# id: 17
# avgscore: -0.532370
# length: 1
1021  115 611 170 667  30 -0.53237

# id: 18
# avgscore: -0.573890
# length: 1
1021  955 207 1025 278  -15 -0.57389

# id: 19
# avgscore: -0.576670
# length: 1
1023  115 611 170 667  45 -0.57667

# id: 20
# avgscore: -0.540320
# length: 1
1028  942 250 997 299  -60 -0.54032

# id: 21
# avgscore: -0.596590
# length: 1
1044  339 437 382 477  -60 -0.59659
