# format: <frame> <x1> <y1> <x2> <y2> <pose> <score>
#
# id: 1
# avgscore: 0.569735
# length: 59
986  461 173 602 299  0 -0.08118
987  463 172 598 300  0 -0.10820
988  463 169 598 304  0 -0.04207
989  463 169 598 304  0 0.03405
990  461 166 602 313  0 0.12050
991  461 166 602 321  0 0.12727
992  461 166 602 321  0 0.29341
993  461 166 602 299  0 0.32137
994  461 166 602 299  0 0.50866
995  461 166 602 320  0 0.54051
996  461 166 602 320  0 0.63525
997  460 173 601 306  0 0.60080
998  460 169 601 297  15 0.67783
999  457 169 598 297  15 0.70698
1000  457 169 598 297  15 0.73605
1001  461 173 602 299  0 0.71436
1002  461 173 602 299  0 0.72006
1003  461 173 602 306  0 0.77724
1004  461 173 602 306  0 0.81315
1005  461 173 602 299  0 0.72837
1006  461 173 602 299  0 0.72652
1007  461 173 602 299  0 0.75715
1008  465 175 606 304  0 0.66790
1009  468 173 609 306  0 0.56825
1010  468 173 609 306  0 0.64666
1011  468 173 609 306  0 0.58697
1012  468 175 609 304  0 0.58160
1013  468 173 609 299  0 0.57090
1014  468 173 609 299  0 0.60377
1015  468 173 609 299  0 0.61057
1016  468 175 609 304  0 0.65052
1017  468 173 609 306  0 0.71833
1018  468 173 609 306  0 0.72014
1019  468 173 609 306  0 0.74837
1020  468 173 609 306  0 0.70033
1021  461 169 602 304  0 0.72075
1022  460 166 601 306  0 0.60049
1023  460 166 595 301  0 0.63442
1024  451 166 592 299  0 0.62752
1025  451 163 585 296  0 0.57735
1026  444 166 585 292  0 0.59239
1027  444 165 579 293  0 0.56466
1028  440 169 581 297  0 0.63643
1029  440 166 581 299  0 0.64537
1030  437 166 578 299  0 0.63910
1031  435 166 576 299  0 0.71590
1032  433 169 574 297  0 0.66559
1033  438 169 573 297  0 0.79671
1034  435 169 576 297  0 0.88438
1035  438 169 579 297  0 0.82759
1036  440 167 581 300  0 0.84080
1037  440 173 581 306  0 0.80473
1038  440 173 581 306  0 0.70394
1039  440 180 581 306  0 0.53903
1040  440 187 581 313  0 0.46174
1041  438 190 573 319  0 0.40900
1042  438 187 573 322  0 0.33903
1043  433 188 574 322  0 0.34882
1044  433 187 574 321  0 0.35625
