# format: <frame> <x1> <y1> <x2> <y2> <pose> <score>
#
# id: 1
# avgscore: -0.361809
# length: 138
1395  328 174 430 275  -45 -0.24358
1396  328 174 430 275  -45 -0.29565
1397  328 175 432 273  -30 -0.23076
1398  328 175 432 273  -30 -0.22561
1399  328 174 430 275  -45 -0.13931
1400  328 174 430 275  -45 -0.17148
1401  331 174 427 275  -45 -0.16314
1402  328 174 430 275  -45 -0.25053
1403  328 174 430 275  -30 -0.27695
1404  328 174 430 275  -45 -0.22831
1405  328 174 430 275  -30 -0.21299
1406  328 174 424 275  -45 -0.40843
1407  328 174 424 275  -45 -0.45970
1408  328 174 430 275  -45 -0.47617
1409  328 174 430 275  -45 -0.48308
1410  321 174 444 275  -45 -0.56168
1411  321 174 444 275  -30 -0.54179
1412  321 174 424 272  -30 -0.46632
1413  321 174 419 272  -30 -0.48152
1414  318 174 419 272  -45 -0.53659
1415  318 174 419 275  -45 -0.52258
1416  318 174 419 275  -45 -0.41277
1417  313 174 419 275  -45 -0.49813
1418  318 174 414 275  -45 -0.57304
1419  312 174 408 275  -45 -0.52499
1420  312 172 408 273  -60 -0.55857
1421  311 170 407 272  -60 -0.58214
1422  311 173 409 270  -60 -0.57866
1423  309 171 410 272  -45 -0.58301
1424  302 171 403 272  -45 -0.46768
1425  302 170 403 274  -45 -0.49448
1426  302 169 404 273  -60 -0.49771
1427  300 169 402 273  -45 -0.49431
1428  301 168 402 275  -45 -0.43241
1429  302 168 403 275  -45 -0.42298
1430  302 168 403 275  -45 -0.37220
1431  299 170 400 272  -45 -0.38921
1432  300 170 397 272  -45 -0.35019
1433  298 170 395 272  -45 -0.36571
1434  295 170 393 272  -45 -0.43125
1435  291 168 392 275  -45 -0.47792
1436  290 170 388 272  -45 -0.43584
1437  291 170 388 272  -45 -0.40005
1438  291 170 383 272  -45 -0.43046
1439  291 170 383 272  -45 -0.42896
1440  291 170 383 272  -45 -0.44640
1441  287 166 400 271  -60 -0.57513
1442  287 166 400 271  -60 -0.53848
1443  286 170 374 272  -45 -0.44054
1444  286 170 374 272  -45 -0.50732
1445  280 168 387 275  -45 -0.45398
1446  280 168 387 275  -45 -0.35129
1447  280 168 387 275  -45 -0.41510
1448  280 168 387 275  -45 -0.37785
1449  280 168 387 275  -45 -0.39732
1450  280 167 387 271  -45 -0.37083
1451  286 164 398 266  -60 -0.36138
1452  285 163 398 267  -60 -0.37224
1453  285 164 398 269  -60 -0.41028
1454  285 166 398 271  -45 -0.34633
1455  283 166 390 267  -60 -0.40628
1456  289 170 395 268  -45 -0.40746
1457  286 163 387 264  -60 -0.44201
1458  286 163 387 264  -45 -0.43984
1459  286 163 387 264  -45 -0.36370
1460  285 160 389 270  -45 -0.42360
1461  285 160 389 270  -30 -0.35618
1462  291 158 387 264  -45 -0.41706
1463  291 158 387 264  -45 -0.39641
1464  291 158 387 264  -45 -0.44624
1465  291 158 398 264  -45 -0.42620
1466  291 158 398 264  -45 -0.40577
1467  291 158 398 265  -15 -0.42923
1468  291 158 393 265  -30 -0.42994
1469  291 157 420 267  -30 -0.30161
1470  291 158 419 264  -30 -0.34677
1471  291 158 419 264  -30 -0.27654
1472  296 158 398 264  -30 -0.26324
1473  296 152 398 264  -45 -0.25229
1474  294 152 401 264  -15 -0.25447
1475  289 154 400 261  -15 -0.28671
1476  289 152 400 259  0 -0.24818
1477  292 156 403 258  -15 -0.17339
1478  294 154 401 260  -15 -0.14111
1479  295 158 402 264  0 0.00728
1480  296 158 403 264  0 0.00283
1481  302 158 409 264  -30 0.05537
1482  302 158 408 264  0 0.03871
1483  302 158 403 264  0 0.06509
1484  304 158 402 264  0 0.14628
1485  304 162 402 266  0 0.15075
1486  307 163 403 264  0 0.15767
1487  307 163 403 264  0 0.11864
1488  309 163 407 264  0 0.09780
1489  310 150 408 267  0 -0.03055
1490  310 163 408 264  0 -0.07793
1491  311 162 409 266  0 -0.33093
1492  312 162 408 266  -30 -0.34566
1493  312 158 414 264  0 -0.37180
1494  314 158 412 264  0 -0.42289
1495  316 158 414 264  0 -0.35370
1496  316 156 414 266  0 -0.34021
1497  316 159 417 265  0 -0.38353
1498  304 157 420 267  0 -0.43162
1499  311 163 427 264  0 -0.43707
1500  325 164 449 266  -30 -0.45904
1501  325 165 449 267  -30 -2.00000
1502  304 163 426 273  0 -0.51568
1503  304 163 426 273  0 -0.44612
1504  307 163 429 273  0 -0.44856
1505  304 163 432 273  0 -0.46086
1506  304 163 432 273  0 -0.42543
1507  328 178 432 313  0 -0.43939
1508  328 175 432 316  0 -0.36940
1509  328 178 432 319  0 -0.38240
1510  328 178 433 319  0 -0.35198
1511  328 181 438 316  0 -0.37249
1512  328 181 438 316  0 -0.28959
1513  328 175 438 316  0 -0.29703
1514  328 175 438 316  0 -0.39551
1515  328 175 438 316  0 -0.35483
1516  328 175 438 316  0 -0.37205
1517  332 177 442 283  0 -0.46265
1518  334 174 446 280  0 -0.37599
1519  334 168 446 275  0 -0.34886
1520  334 168 446 275  0 -0.43653
1521  334 168 446 275  0 -0.40320
1522  334 178 446 276  0 -0.43074
1523  334 168 446 275  0 -0.50656
1524  339 168 451 275  0 -0.44682
1525  339 168 451 275  0 -0.40583
1526  339 168 451 275  0 -0.48823
1527  337 174 444 278  45 -0.49533
1528  334 175 438 279  15 -0.49901
1529  337 174 444 278  45 -0.49925
1530  334 175 438 279  0 -0.49380
1531  334 175 438 279  30 -0.49155
1532  334 175 438 279  30 -0.44005

# id: 2
# avgscore: -0.543515
# length: 119
1395  824 126 916 230  -90 -0.49467
1396  824 126 916 230  -90 -0.48685
1397  824 126 916 230  -90 -0.42175
1398  824 126 916 230  -90 -0.48032
1399  824 126 916 230  -90 -0.45000
1400  824 126 916 230  -90 -0.45864
1401  824 126 916 230  -90 -0.59153
1402  824 126 916 230  -90 -0.59261
1403  824 126 916 230  -90 -0.59168
1404  825 125 917 228  -90 -2.00000
1405  825 125 917 227  -90 -2.00000
1406  826 124 918 225  -90 -2.00000
1407  826 122 918 223  -60 -0.59666
1408  826 122 918 223  -60 -2.00000
1409  824 122 916 223  -75 -0.58351
1417  820 123 912 222  -75 -0.58473
1418  820 123 912 222  -60 -0.57164
1419  821 122 913 222  -60 -2.00000
1420  822 122 914 223  -60 -2.00000
1421  822 121 914 223  -60 -2.00000
1422  824 121 916 223  -60 -0.58948
1423  824 120 916 218  -75 -0.58578
1424  824 120 916 218  -60 -0.55389
1425  825 120 914 218  -75 -0.59263
1426  825 120 914 219  -75 -2.00000
1427  826 120 911 220  -75 -2.00000
1428  828 120 909 220  -75 -2.00000
1429  830 120 904 222  -90 -0.56706
1430  830 120 904 222  -90 -0.57592
1431  830 120 906 221  -90 -2.00000
1432  830 120 910 218  -60 -0.55207
1433  830 120 910 218  -60 -0.52635
1434  830 120 916 218  -60 -0.59357
1435  830 117 916 221  -90 -0.55505
1436  830 119 910 223  -60 -0.54027
1437  829 120 909 223  -60 -2.00000
1438  827 120 907 221  -60 -2.00000
1439  824 120 904 218  -60 -0.55661
1440  824 120 904 218  -60 -0.58878
1441  824 120 916 224  -75 -0.53932
1442  824 120 916 224  -75 -0.53160
1443  824 120 904 224  -60 -0.48131
1444  824 120 904 224  -60 -0.49577
1445  824 120 904 218  -60 -0.54341
1446  824 120 904 218  -60 -2.00000
1447  824 120 904 218  -60 -2.00000
1448  824 120 904 218  -60 -0.58289
1449  824 120 904 224  -60 -0.55266
1450  824 120 904 224  -60 -2.00000
1451  824 120 904 224  -60 -0.53364
1452  824 120 910 224  -60 -0.47781
1453  824 120 910 224  -60 -0.56228
1454  824 120 916 224  -75 -0.55656
1455  824 120 916 224  -75 -2.00000
1456  824 120 916 224  -75 -2.00000
1457  824 120 916 224  -90 -0.57084
1458  824 120 916 224  -90 -0.55952
1459  824 120 916 223  -90 -2.00000
1460  824 120 916 222  -90 -2.00000
1461  824 120 916 220  -90 -2.00000
1462  824 120 916 218  -75 -0.57372
1463  824 120 916 218  -75 -0.46151
1464  824 120 916 218  -75 -0.56933
1465  824 120 916 218  -75 -0.54048
1466  824 114 916 218  -75 -0.56590
1467  824 114 916 218  -75 -2.00000
1468  824 114 916 218  -75 -0.45907
1469  824 114 916 218  -75 -0.47159
1470  824 114 916 218  -75 -0.50233
1471  824 114 916 218  -75 -0.57226
1472  824 114 916 218  -75 -0.55895
1473  824 115 916 217  -75 -0.58143
1474  825 115 917 217  -75 -2.00000
1475  826 115 918 217  -75 -2.00000
1476  827 116 919 215  -60 -0.58481
1477  827 116 919 215  -60 -2.00000
1478  827 116 919 215  -60 -2.00000
1479  827 116 919 215  -60 -0.55974
1480  828 117 918 215  -60 -2.00000
1481  828 117 916 215  -60 -2.00000
1482  829 118 915 216  -60 -2.00000
1483  829 119 913 216  -60 -2.00000
1484  830 120 910 217  -90 -0.56852
1485  830 120 910 218  -60 -0.57315
1486  830 120 910 218  -60 -0.52294
1487  830 120 910 218  -60 -0.46926
1488  830 120 910 218  -60 -0.48636
1489  830 122 913 219  -60 -2.00000
1490  830 123 915 220  -60 -2.00000
1491  830 124 920 221  -90 -0.59979
1492  830 124 920 221  -90 -2.00000
1493  829 123 920 220  -90 -2.00000
1494  829 121 920 219  -90 -2.00000
1495  828 119 919 217  -90 -2.00000
1496  827 117 919 216  -60 -0.59762
1497  826 117 917 216  -60 -2.00000
1498  826 118 915 216  -60 -2.00000
1499  825 118 914 217  -60 -2.00000
1500  825 120 914 218  -60 -0.47760
1501  824 120 910 218  -60 -0.52097
1502  824 120 916 218  -60 -0.52128
1503  824 120 916 218  -75 -0.48840
1504  824 120 916 218  -60 -0.55429
1505  824 120 916 214  -60 -2.00000
1506  824 120 916 214  -60 -0.57561
1507  824 120 916 218  -60 -0.54591
1515  824 120 910 218  -60 -0.58399
1521  823 130 905 216  -60 -0.57520
1522  823 130 905 216  -60 -2.00000
1523  823 128 907 216  -60 -2.00000
1524  822 127 908 216  -60 -2.00000
1525  821 126 909 215  -60 -2.00000
1526  820 123 910 215  -60 -0.53122
1527  819 122 909 216  -60 -2.00000
1528  818 120 904 218  -75 -0.56308
1529  818 120 904 218  -75 -0.58259
1530  818 120 904 218  -75 -0.56411
1531  818 120 904 218  -75 -0.50606
1532  818 120 904 218  -75 -0.54137
