# format: <frame> <x1> <y1> <x2> <y2> <pose> <score>
#
# id: 1
# avgscore: -0.377441
# length: 25
1045  627 231 772 376  -30 -0.43608
1046  627 223 772 376  -30 -0.38549
1047  627 223 772 376  -30 -0.41852
1048  627 223 780 376  -30 -0.35561
1049  619 223 772 376  -30 -0.37438
1050  627 223 772 376  -30 -0.37231
1051  618 219 776 376  -30 -0.44644
1052  618 219 785 376  -15 -0.43436
1053  635 215 797 376  0 -0.38689
1054  635 215 805 376  0 -0.36097
1055  635 198 870 443  0 -0.43176
1056  646 200 794 376  30 -0.29087
1057  636 200 804 367  30 -0.12322
1058  651 206 813 368  45 -0.18189
1059  659 206 821 368  45 -0.13423
1060  665 208 820 363  45 -0.34245
1061  723 211 824 312  30 -0.35587
1062  746 212 838 309  15 -0.46046
1063  732 216 824 309  45 -0.45548
1064  659 223 829 368  90 -0.45689
1065  659 223 829 368  90 -0.49857
1067  675 223 821 368  90 -0.47873
1068  672 222 820 370  90 -0.42987
1069  667 215 813 368  90 -0.37263
1070  658 215 806 370  90 -0.45206

# id: 2
# avgscore: -0.503924
# length: 9
1046  10 458 52 514  -45 -0.45394
1048  10 458 52 514  -30 -0.41377
1049  10 458 52 511  -45 -0.42364
1050  10 455 52 514  -30 -0.58757
1051  6 455 52 514  -30 -0.49112
1053  7 458 52 511  -30 -0.49464
1054  6 455 47 514  -30 -0.57742
1057  4 458 44 514  -30 -0.51033
1059  5 458 45 513  -45 -0.58289

# id: 3
# avgscore: -0.495408
# length: 22
1047  149 464 204 532  0 -0.58274
1048  139 463 206 533  0 -0.59075
1049  116 467 200 532  45 -0.39190
1050  148 471 204 530  0 -0.56942
1051  116 467 200 532  45 -0.57367
1054  136 463 203 530  0 -0.58946
1055  136 463 206 533  0 -0.54380
1056  134 464 201 529  0 -0.51195
1057  132 463 203 530  0 -0.54170
1058  132 463 203 530  0 -0.45917
1059  140 474 196 530  0 -0.52045
1060  140 464 201 529  0 -0.56593
1061  129 463 199 530  0 -0.55383
1062  127 464 195 529  0 -0.41647
1063  137 467 192 532  0 -0.43644
1064  122 467 192 530  0 -0.44435
1065  122 467 189 530  0 -0.41700
1066  118 467 192 530  0 -0.39657
1067  118 467 189 530  0 -0.45359
1068  118 467 186 532  0 -0.53040
1069  115 463 189 530  0 -0.42102
1070  115 463 189 530  0 -0.38837

# id: 4
# avgscore: -0.552018
# length: 18
1047  382 403 434 467  45 -0.58685
1048  379 400 437 461  -30 -0.55202
1052  369 403 434 458  0 -0.58519
1053  369 403 434 464  45 -0.55384
1054  369 403 434 464  45 -0.57784
1055  369 409 434 464  45 -0.55451
1056  383 404 431 460  -30 -0.50926
1057  385 403 434 461  -30 -0.56832
1058  376 403 431 464  45 -0.55685
1059  373 403 428 464  45 -0.51784
1060  379 403 431 461  -30 -0.53204
1061  370 415 423 463  45 -0.52638
1062  376 403 428 458  -30 -0.48052
1063  376 403 425 461  -30 -0.54920
1064  348 415 415 463  -45 -0.58619
1065  363 406 418 464  45 -0.55716
1066  362 418 418 463  45 -0.54257
1068  362 420 415 463  45 -0.59974

# id: 5
# avgscore: -0.589250
# length: 1
1052  245 447 326 536  30 -0.58925

# id: 6
# avgscore: -0.573953
# length: 3
1059  394 82 450 135  -30 -0.59159
1065  386 79 439 135  -30 -0.58690
1069  380 82 434 135  -30 -0.54337

# id: 7
# avgscore: -0.540310
# length: 1
1060  605 334 669 403  45 -0.54031

# id: 8
# avgscore: -0.580830
# length: 1
1061  295 15 367 63  45 -0.58083

# id: 9
# avgscore: -0.598890
# length: 1
1063  58 666 106 714  90 -0.59889

# id: 10
# avgscore: -0.580110
# length: 1
1065  396 18 450 63  45 -0.58011

# id: 11
# avgscore: -0.581350
# length: 1
1066  396 18 450 63  45 -0.58135

# id: 12
# avgscore: -0.501090
# length: 1
1070  1095 442 1151 482  -30 -0.50109
