# format: <frame> <x1> <y1> <x2> <y2> <pose> <score>
#
# id: 1
# avgscore: -0.264909
# length: 55
461  609 148 694 229  0 -0.16464
462  609 152 689 229  0 -0.17199
463  605 148 685 225  0 -0.15314
464  597 147 685 226  0 -0.23026
465  597 148 677 225  0 -0.19894
466  592 148 673 225  0 -0.25497
467  588 148 669 225  0 -0.28757
468  588 148 665 225  0 -0.32984
469  580 148 661 225  0 -0.34235
470  580 148 661 225  0 -0.42234
471  572 148 657 225  0 -0.38887
472  574 137 653 226  0 -0.33456
473  572 148 649 221  0 -0.35611
474  564 147 648 226  0 -0.36422
475  564 148 645 225  0 -0.25590
476  564 148 645 225  0 -0.32123
477  560 148 641 225  0 -0.30900
478  560 148 641 225  0 -0.27866
479  556 148 637 225  0 -0.25603
480  556 148 637 225  0 -0.26875
481  556 148 637 229  0 -0.28345
482  552 148 633 225  0 -0.25646
483  548 148 633 225  15 -0.20460
484  548 148 633 225  15 -0.27642
485  548 148 629 225  15 -0.29174
486  548 144 629 225  0 -0.28259
487  548 144 629 225  15 -0.30613
488  548 144 629 225  15 -0.32701
489  544 144 629 225  15 -0.17515
490  544 144 629 225  15 -0.25162
491  544 144 629 225  15 -0.31287
492  548 148 629 225  0 -0.28631
493  547 143 628 220  15 -0.24469
494  547 143 628 217  15 -0.16112
495  552 144 633 225  0 -0.22357
496  552 144 633 221  0 -0.16729
497  552 144 633 221  0 -0.20830
498  552 144 633 221  0 -0.15987
499  551 143 632 217  15 -0.18134
500  552 144 633 221  0 -0.24454
501  551 142 629 226  30 -0.32334
502  556 144 633 225  0 -0.30131
503  551 142 634 226  30 -0.28747
504  556 144 637 221  0 -0.25195
505  556 144 637 221  0 -0.25272
506  556 144 637 221  0 -0.24443
507  558 146 635 224  0 -0.23243
508  556 144 637 225  0 -0.27891
509  556 144 637 225  0 -0.31263
510  556 144 637 225  0 -0.22233
511  556 144 637 225  0 -0.29493
512  552 144 633 225  15 -0.25910
513  556 144 637 225  0 -0.26466
514  556 136 637 225  0 -0.26627
515  556 136 637 221  0 -0.24309

# id: 2
# avgscore: -0.577767
# length: 4
468  157 509 196 565  75 -0.58119
482  172 524 202 572  75 -0.57651
483  164 524 204 572  90 -0.56411
486  178 522 207 570  90 -0.58926

# id: 3
# avgscore: -0.588290
# length: 2
469  192 357 262 428  0 -0.59805
480  195 360 262 431  0 -0.57853

# id: 4
# avgscore: -0.435494
# length: 41
471  691 222 792 339  45 -0.59955
472  691 227 792 344  45 -0.47443
473  696 181 800 297  -45 -0.58844
475  696 181 800 297  -45 -0.58763
477  696 195 792 302  -45 -0.59916
478  696 193 794 304  -45 -0.57039
480  696 184 792 296  -45 -0.58379
481  696 181 800 297  -45 -0.53653
482  696 181 812 297  -45 -0.58242
483  690 193 812 297  -45 -0.59692
484  690 181 812 297  -45 -0.58969
486  690 181 806 297  -45 -0.52863
487  690 181 806 297  -45 -0.57281
488  696 193 806 297  -45 -0.48007
489  696 193 806 297  -45 -0.46576
490  696 193 806 297  -45 -0.41974
491  696 193 806 297  -45 -0.44042
492  690 181 806 297  -45 -0.47642
493  690 181 800 297  -45 -0.56703
494  690 199 794 297  -45 -0.56770
495  690 175 794 297  -45 -0.42457
496  690 175 794 291  -30 -0.43162
497  690 175 794 291  -30 -0.46902
498  690 175 794 291  -30 -0.36125
499  690 175 800 291  -45 -0.33214
500  690 181 794 291  -45 -0.30440
501  690 169 794 291  -45 -0.37939
502  680 184 782 296  0 -0.44744
503  690 187 794 291  -30 -0.37938
504  690 169 794 291  -30 -0.33784
505  690 169 794 291  -30 -0.34002
506  683 169 794 291  -30 -0.35107
507  683 169 794 291  -45 -0.29904
508  683 169 794 291  -45 -0.23880
509  680 168 776 291  -15 -0.25724
510  677 169 788 291  -15 -0.20008
511  671 169 788 291  -15 -0.26827
512  671 169 788 291  -15 -0.28167
513  681 170 769 291  -15 -0.32900
514  677 169 788 291  -15 -0.30368
515  683 169 788 291  -45 -0.29179

# id: 5
# avgscore: -0.564270
# length: 1
494  920 407 1001 474  -30 -0.56427
