# format: <frame> <x1> <y1> <x2> <y2> <pose> <score>
#
# id: 1
# avgscore: 0.076853
# length: 50
1071  506 166 659 312  -30 -0.02772
1072  501 166 663 312  0 -0.02494
1073  465 158 635 320  -30 0.02075
1074  465 158 635 320  0 -0.02629
1075  465 158 635 320  0 0.06889
1076  465 166 635 320  0 0.05357
1077  465 166 635 320  0 0.07821
1078  473 166 635 320  0 0.10166
1079  473 165 635 319  0 0.08695
1080  516 163 674 321  -30 0.09988
1081  516 163 674 321  -30 0.09758
1082  516 163 674 321  -30 0.12828
1083  515 163 676 321  0 0.09803
1084  473 150 643 312  -30 0.09080
1085  477 162 647 316  0 0.01230
1086  473 166 651 312  0 0.01945
1087  473 166 651 312  0 0.02038
1088  473 158 651 312  0 0.04438
1089  473 150 651 312  0 0.05914
1090  473 158 651 312  0 0.10359
1091  473 158 651 312  0 0.07545
1092  483 158 661 312  -30 0.01270
1093  479 154 664 311  0 0.09436
1094  479 154 664 311  0 0.04457
1095  474 151 660 304  -30 0.03474
1096  534 156 692 309  0 0.08496
1097  474 154 660 311  -30 0.09396
1098  474 154 660 311  0 0.06286
1099  474 158 660 303  0 0.09698
1100  473 158 659 303  0 0.10602
1101  473 158 659 303  0 0.13131
1102  473 158 659 303  0 0.08084
1103  474 151 660 304  0 0.15133
1104  481 151 659 304  0 0.01355
1105  481 158 659 303  0 0.02016
1106  481 158 659 303  0 0.07614
1107  544 154 701 311  -30 0.12474
1108  544 154 701 311  -30 0.06716
1109  544 154 701 311  -30 0.04483
1110  544 158 701 312  -30 0.10050
1111  481 158 667 312  0 0.11660
1112  481 158 667 312  0 0.12355
1113  479 154 674 311  0 0.19230
1114  479 154 674 311  0 0.14003
1115  479 154 674 311  0 0.12691
1116  546 154 708 311  -30 0.06440
1117  550 158 704 312  -30 0.05792
1118  546 158 708 312  -30 0.12223
1119  546 158 708 312  -30 0.15149
1120  546 158 708 312  -30 0.12515

# id: 2
# avgscore: -0.519956
# length: 40
1081  23 293 95 374  90 -0.56164
1082  29 294 95 370  90 -0.58220
1083  30 294 96 370  90 -2.00000
1084  31 295 99 372  90 -0.48617
1085  32 303 102 370  90 -0.59735
1086  35 304 105 368  90 -2.00000
1087  39 303 105 364  90 -2.00000
1088  44 303 106 360  90 -2.00000
1089  49 302 107 356  90 -2.00000
1090  58 300 108 348  30 -0.58306
1091  59 300 109 348  30 -2.00000
1092  60 299 109 348  30 -2.00000
1093  61 299 110 348  30 -2.00000
1094  61 299 110 348  30 -2.00000
1095  61 298 110 348  30 -0.59702
1096  60 298 111 348  90 -0.59412
1097  60 298 111 346  30 -0.49216
1098  63 298 114 346  30 -0.47535
1099  63 298 114 346  30 -0.46188
1100  63 298 114 343  30 -0.39261
1101  63 298 114 343  30 -0.42273
1102  60 298 114 343  45 -0.41491
1103  60 297 114 342  45 -0.47315
1104  60 295 114 343  30 -0.50361
1105  63 295 114 343  30 -0.39919
1106  60 295 114 343  30 -0.37536
1107  63 292 114 340  30 -0.54006
1108  60 291 114 341  45 -0.52770
1109  47 281 116 362  90 -0.59082
1110  45 283 118 364  90 -0.59711
1111  49 281 124 366  75 -0.49569
1112  51 280 126 366  75 -0.57739
1113  54 278 128 364  75 -0.53561
1114  59 279 128 359  75 -2.00000
1115  64 280 128 353  75 -2.00000
1116  69 282 129 347  75 -2.00000
1117  73 284 129 341  75 -2.00000
1118  73 281 129 338  60 -0.58363
1119  81 281 127 338  60 -0.58601
1120  83 280 125 340  90 -0.59229
