# format: <frame> <x1> <y1> <x2> <y2> <pose> <score>
#
# id: 1
# avgscore: 0.076853
# length: 50
1071  506 166 659 312  -30 -0.02772
1072  465 158 627 320  0 -0.02494
1073  497 166 667 312  -30 0.02075
1074  465 150 635 312  0 -0.02629
1075  465 158 635 320  0 0.06889
1076  465 166 635 320  0 0.05357
1077  465 166 635 320  0 0.07821
1078  473 166 635 320  0 0.10166
1079  473 158 635 312  0 0.08695
1080  516 163 674 321  -30 0.09988
1081  516 163 674 321  -30 0.09758
1082  516 163 674 321  -30 0.12828
1083  473 150 643 312  0 0.09803
1084  522 166 683 320  -30 0.09080
1085  473 150 643 312  0 0.01230
1086  473 166 651 312  0 0.01945
1087  473 166 651 312  0 0.02038
1088  473 150 651 312  0 0.04438
1089  473 158 651 312  0 0.05914
1090  473 150 651 312  0 0.10359
1091  473 158 651 312  0 0.07545
1092  534 163 692 311  -30 0.01270
1093  479 154 664 311  0 0.09436
1094  469 144 664 311  0 0.04457
1095  534 163 692 311  -30 0.03474
1096  473 150 659 303  0 0.08496
1097  534 154 692 311  -30 0.09396
1098  469 154 664 311  0 0.06286
1099  473 158 659 303  0 0.09698
1100  481 158 659 303  0 0.10602
1101  473 158 659 303  0 0.13131
1102  473 158 659 303  0 0.08084
1103  469 144 664 311  0 0.15133
1104  481 150 659 303  0 0.01355
1105  481 158 659 303  0 0.02016
1106  481 158 659 303  0 0.07614
1107  544 154 701 311  -30 0.12474
1108  544 154 701 311  -30 0.06716
1109  544 154 701 311  -30 0.04483
1110  546 158 700 312  -30 0.10050
1111  481 158 667 312  0 0.11660
1112  481 158 667 312  0 0.12355
1113  479 154 674 311  0 0.19230
1114  479 154 674 311  0 0.14003
1115  479 154 674 311  0 0.12691
1116  553 154 701 311  -30 0.06440
1117  546 158 708 312  -30 0.05792
1118  554 158 708 312  -30 0.12223
1119  546 158 708 312  -30 0.15149
1120  546 158 708 312  -30 0.12515

# id: 2
# avgscore: -0.519956
# length: 27
1081  23 293 95 374  90 -0.56164
1082  30 294 94 368  90 -0.58220
1084  31 293 99 374  90 -0.48617
1085  30 305 104 372  90 -0.59735
1090  58 300 108 348  30 -0.58306
1095  63 298 111 348  30 -0.59702
1096  37 301 111 368  90 -0.59412
1097  60 298 111 346  30 -0.49216
1098  66 298 111 346  30 -0.47535
1099  63 298 114 346  30 -0.46188
1100  63 298 114 343  30 -0.39261
1101  66 298 114 343  30 -0.42273
1102  60 298 114 343  45 -0.41491
1103  58 295 114 343  45 -0.47315
1104  63 295 114 340  30 -0.50361
1105  60 295 114 343  30 -0.39919
1106  63 295 114 343  30 -0.37536
1107  60 292 114 340  30 -0.54006
1108  63 290 114 340  45 -0.52770
1109  43 281 116 362  90 -0.59082
1110  47 281 116 366  90 -0.59711
1111  46 285 126 365  75 -0.49569
1112  51 280 126 366  75 -0.57739
1113  54 277 128 365  75 -0.53561
1118  83 287 129 329  60 -0.58363
1119  71 281 128 338  60 -0.58601
1120  83 280 125 340  90 -0.59229

# id: 3
# avgscore: -0.583920
# length: 1
1096  294 187 432 400  -90 -0.58392

# id: 4
# avgscore: -0.596390
# length: 1
1097  294 187 454 400  -90 -0.59639

# id: 5
# avgscore: -0.561440
# length: 1
1100  301 178 435 399  -75 -0.56144
