# format: <frame> <x1> <y1> <x2> <y2> <pose> <score>
#
# id: 1
# avgscore: -0.264909
# length: 55
461  609 148 694 229  0 -0.16464
462  609 150 689 227  0 -0.17199
463  605 148 685 225  0 -0.15314
464  601 148 681 225  0 -0.23026
465  597 148 678 225  0 -0.19894
466  592 148 673 225  0 -0.25497
467  588 148 669 225  0 -0.28757
468  586 148 667 225  0 -0.32984
469  580 148 661 225  0 -0.34235
470  580 148 661 225  0 -0.42234
471  574 148 655 225  0 -0.38887
472  574 146 653 223  0 -0.33456
473  571 145 650 224  0 -0.35611
474  566 148 647 225  0 -0.36422
475  564 148 645 225  0 -0.25590
476  564 148 645 225  0 -0.32123
477  560 148 641 225  0 -0.30900
478  560 148 641 225  0 -0.27866
479  556 148 637 225  0 -0.25603
480  556 148 637 225  0 -0.26875
481  556 148 637 225  0 -0.28345
482  552 148 633 225  0 -0.25646
483  548 148 633 225  15 -0.20460
484  548 148 633 225  15 -0.27642
485  548 148 629 225  15 -0.29174
486  548 144 629 225  0 -0.28259
487  548 144 629 225  15 -0.30613
488  548 144 629 225  15 -0.32701
489  544 144 629 225  15 -0.17515
490  544 144 629 225  15 -0.25162
491  544 144 629 225  15 -0.31287
492  547 146 628 223  0 -0.28631
493  547 143 628 220  15 -0.24469
494  547 143 628 220  15 -0.16112
495  552 144 633 221  0 -0.22357
496  552 144 633 221  0 -0.16729
497  552 144 633 221  0 -0.20830
498  552 144 633 221  0 -0.15987
499  552 144 633 221  15 -0.18134
500  551 144 632 221  0 -0.24454
501  554 144 632 225  30 -0.32334
502  554 142 632 226  0 -0.30131
503  554 144 635 225  30 -0.28747
504  556 144 637 221  0 -0.25195
505  556 144 637 221  0 -0.25272
506  556 144 637 221  0 -0.24443
507  556 146 637 224  0 -0.23243
508  556 144 637 225  0 -0.27891
509  556 144 637 225  0 -0.31263
510  556 144 637 225  0 -0.22233
511  556 144 637 225  0 -0.29493
512  556 144 637 225  15 -0.25910
513  556 144 637 225  0 -0.26466
514  556 138 637 223  0 -0.26627
515  556 136 637 221  0 -0.24309

# id: 4
# avgscore: -0.435494
# length: 45
471  691 222 792 339  45 -0.59955
472  691 222 792 339  45 -0.47443
473  696 181 800 297  -45 -0.58844
474  696 181 800 297  -45 -2.00000
475  696 181 800 297  -45 -0.58763
476  696 186 797 299  -45 -2.00000
477  696 193 794 304  -45 -0.59916
478  696 193 793 304  -45 -0.57039
479  696 190 793 301  -45 -2.00000
480  696 184 793 296  -45 -0.58379
481  696 181 800 297  -45 -0.53653
482  693 181 809 297  -45 -0.58242
483  690 181 812 297  -45 -0.59692
484  690 181 812 297  -45 -0.58969
485  690 181 810 297  -45 -2.00000
486  690 181 806 297  -45 -0.52863
487  690 181 806 297  -45 -0.57281
488  696 193 806 297  -45 -0.48007
489  696 193 806 297  -45 -0.46576
490  696 193 806 297  -45 -0.41974
491  696 193 806 297  -45 -0.44042
492  693 181 803 297  -45 -0.47642
493  690 181 800 297  -45 -0.56703
494  690 181 794 297  -45 -0.56770
495  690 178 794 294  -45 -0.42457
496  690 175 794 291  -30 -0.43162
497  690 175 794 291  -30 -0.46902
498  690 175 794 291  -30 -0.36125
499  690 175 794 291  -45 -0.33214
500  690 175 794 291  -45 -0.30440
501  690 180 794 292  -45 -0.37939
502  690 183 794 295  0 -0.44744
503  690 183 794 295  -30 -0.37938
504  690 169 794 291  -30 -0.33784
505  690 169 794 291  -30 -0.34002
506  683 169 794 291  -30 -0.35107
507  683 169 794 291  -45 -0.29904
508  683 169 794 291  -45 -0.23880
509  677 169 788 291  -15 -0.25724
510  674 169 785 291  -15 -0.20008
511  671 169 788 291  -15 -0.26827
512  671 169 788 291  -15 -0.28167
513  674 169 785 291  -15 -0.32900
514  680 169 785 291  -15 -0.30368
515  683 169 788 291  -45 -0.29179
