# format: <frame> <x1> <y1> <x2> <y2> <pose> <score>
#
# id: 1
# avgscore: -0.119872
# length: 81
1314  586 166 748 328  -30 0.09988
1315  594 166 748 328  -30 0.12408
1316  590 172 757 330  -30 0.09773
1317  594 174 756 328  -30 0.13409
1318  594 174 748 328  -30 -0.09221
1319  594 174 756 320  -30 -0.16624
1320  603 174 756 328  -30 -0.14497
1321  599 172 766 330  -30 -0.12091
1322  603 174 764 328  -30 -0.04203
1323  562 174 732 336  0 -0.09490
1324  590 172 766 339  -30 -0.13672
1325  590 172 757 339  -30 -0.07666
1326  590 172 757 339  -30 -0.02885
1327  586 174 756 336  -30 -0.08776
1328  586 182 756 336  -15 -0.10573
1329  578 182 724 336  0 -0.09753
1330  586 182 748 336  -30 -0.08616
1331  586 190 748 336  -30 -0.19265
1332  581 187 715 342  0 -0.26347
1333  594 190 756 344  -30 -0.25544
1334  594 190 756 344  -15 -0.18021
1335  603 182 756 344  -30 -0.17831
1336  594 182 756 344  -30 -0.11526
1337  586 182 748 336  -30 -0.19403
1338  586 182 748 336  -30 -0.30307
1339  586 182 748 344  0 -0.33372
1340  586 182 748 336  -15 -0.15708
1341  581 172 748 339  -30 -0.22179
1342  578 174 740 336  -30 -0.16192
1343  506 163 711 339  0 -0.03935
1344  578 174 748 344  -30 0.01292
1345  578 182 732 344  -30 0.04505
1346  581 181 739 349  -30 -0.07538
1347  497 190 692 344  45 -0.07268
1348  578 182 740 344  -30 -0.13891
1349  506 181 711 339  0 -0.08385
1350  514 182 700 336  0 -0.07044
1351  514 182 700 336  0 -0.07893
1352  497 172 701 339  0 -0.12346
1353  514 182 700 344  0 -0.13890
1354  568 190 691 291  0 -0.17721
1355  506 182 700 344  0 -0.14055
1356  506 172 729 349  0 -0.09976
1357  506 172 711 349  0 -0.04661
1358  506 172 701 349  0 -0.04772
1359  514 182 692 336  0 -0.12704
1360  506 174 692 336  0 -0.05962
1361  497 172 701 339  0 -0.16820
1362  506 174 700 336  0 -0.10631
1363  562 174 724 344  0 -0.13556
1364  562 166 724 344  0 -0.05257
1365  562 166 732 336  0 -0.02736
1366  553 163 729 339  0 -0.08884
1367  562 166 732 336  0 -0.07920
1368  506 172 729 339  0 -0.09573
1369  553 172 729 349  0 0.01832
1370  506 172 729 349  0 -0.03174
1371  506 172 729 349  0 -0.00541
1372  546 182 732 344  0 -0.04950
1373  546 182 724 344  0 -0.05734
1374  506 163 729 349  0 0.07153
1375  497 172 720 349  0 0.04678
1376  546 198 716 360  0 -0.02231
1377  506 191 711 358  0 -0.03145
1378  497 181 711 358  0 -0.09595
1379  497 172 701 358  0 -0.14096
1380  506 190 675 352  0 -0.19988
1381  506 190 675 352  0 -0.20417
1382  506 198 667 352  0 -0.27067
1383  514 198 667 352  0 -0.28841
1384  497 163 701 358  0 -0.40291
1385  506 182 683 352  0 -0.34345
1386  506 181 711 358  0 -0.27708
1387  506 200 711 358  0 -0.23875
1388  571 200 720 349  -30 -0.28877
1389  578 198 724 344  -45 -0.31335
1390  578 190 732 344  -30 -0.25777
1391  578 190 732 344  -30 -0.20991
1392  586 166 740 344  -15 -0.16658
1393  586 166 740 336  -15 -0.25189
1394  594 190 748 336  -15 -0.09996

# id: 2
# avgscore: -0.573706
# length: 9
1314  311 246 460 395  -60 -0.59330
1315  304 240 464 400  -60 -0.58887
1316  311 246 460 395  -60 -0.53137
1317  311 246 460 395  -60 -0.53693
1318  311 246 460 395  -60 -0.57520
1327  311 246 460 395  -60 -0.56576
1328  311 237 460 395  -60 -0.58676
1329  311 237 469 395  -60 -0.59576
1331  311 246 469 395  -60 -0.58940

# id: 3
# avgscore: -0.356840
# length: 68
1321  85 312 263 489  45 -0.56646
1322  69 312 263 481  45 -0.47657
1323  38 304 262 486  45 -0.44492
1324  126 303 263 433  30 -0.48248
1325  48 294 262 496  30 -0.46056
1326  79 293 256 469  30 -0.42637
1327  38 294 262 486  30 -0.26643
1328  38 294 251 475  45 -0.20683
1329  61 284 246 460  30 -0.10414
1330  70 284 237 460  30 -0.06240
1331  48 283 240 464  45 -0.06097
1332  59 283 230 464  30 -0.13323
1333  43 276 227 472  30 -0.14237
1334  38 272 219 464  30 -0.08360
1335  33 274 219 451  30 -0.12285
1336  38 272 208 454  30 -0.07624
1337  38 240 219 454  0 -0.11109
1338  27 272 208 454  30 -0.09420
1339  27 240 219 454  0 -0.10454
1340  27 251 219 454  0 -0.08831
1341  27 262 219 464  0 -0.07146
1342  22 262 219 464  0 -0.09693
1343  33 265 209 451  0 -0.13070
1344  13 264 203 484  0 -0.16698
1345  24 256 200 451  0 -0.20064
1346  22 262 198 475  0 -0.21797
1347  16 251 198 486  0 -0.30209
1348  11 251 176 486  0 -0.36565
1349  11 262 166 486  0 -0.48438
1350  13 264 166 484  0 -0.58300
1353  16 251 262 443  -45 -0.50708
1354  16 251 262 443  -45 -0.46151
1355  16 251 262 432  -45 -0.49444
1356  16 251 262 432  -45 -0.56266
1357  16 251 272 432  -45 -0.50396
1358  16 251 262 432  -45 -0.51071
1359  22 262 262 432  -45 -0.51546
1360  16 262 262 432  -45 -0.57232
1364  22 262 262 443  -45 -0.58419
1366  11 262 123 464  30 -0.56582
1367  11 262 134 475  30 -0.53657
1368  16 262 134 475  30 -0.55309
1369  16 262 134 475  30 -0.51051
1370  16 262 134 475  30 -0.50079
1371  16 262 134 475  30 -0.56486
1372  16 262 134 475  30 -0.54035
1373  16 262 134 475  30 -0.51340
1374  16 262 134 475  30 -0.41739
1375  16 262 144 475  30 -0.36599
1376  16 262 144 475  30 -0.33970
1377  22 262 144 475  30 -0.39575
1378  22 262 144 475  30 -0.40034
1379  22 262 144 475  30 -0.33164
1380  22 262 144 475  30 -0.43264
1381  16 272 144 475  30 -0.43423
1382  22 272 144 475  30 -0.38628
1383  16 272 144 475  30 -0.44231
1384  22 262 155 475  30 -0.36263
1385  11 262 155 454  45 -0.37150
1386  11 262 155 454  30 -0.44483
1387  11 262 155 454  45 -0.44052
1388  10 265 154 451  30 -0.35037
1389  11 262 155 454  30 -0.33547
1390  11 262 166 454  30 -0.33593
1391  10 265 163 451  45 -0.33316
1392  11 272 166 454  45 -0.41687
1393  11 272 166 454  30 -0.36416
1394  11 272 166 454  30 -0.43132

# id: 4
# avgscore: -0.595450
# length: 1
1352  922 218 962 271  -30 -0.59545

# id: 5
# avgscore: -0.594900
# length: 1
1367  262 558 333 650  0 -0.59490

# id: 6
# avgscore: -0.579810
# length: 1
1394  940 634 988 695  -15 -0.57981
