# format: <frame> <x1> <y1> <x2> <y2> <pose> <score>
#
# id: 1
# avgscore: -0.119872
# length: 81
1314  586 166 748 328  -30 0.09988
1315  590 166 752 328  -30 0.12408
1316  593 172 755 330  -30 0.09773
1317  593 174 755 328  -30 0.13409
1318  594 174 756 328  -30 -0.09221
1319  598 174 752 328  -30 -0.16624
1320  599 174 761 328  -30 -0.14497
1321  602 174 763 328  -30 -0.12091
1322  599 172 766 330  -30 -0.04203
1323  593 174 763 336  0 -0.09490
1324  589 172 759 339  -30 -0.13672
1325  590 172 757 339  -30 -0.07666
1326  590 172 757 339  -30 -0.02885
1327  586 175 756 337  -30 -0.08776
1328  586 182 756 336  -15 -0.10573
1329  586 182 748 336  0 -0.09753
1330  586 182 748 336  -30 -0.08616
1331  586 186 748 340  -30 -0.19265
1332  586 188 748 342  0 -0.26347
1333  594 190 756 344  -30 -0.25544
1334  594 190 756 344  -15 -0.18021
1335  594 182 756 344  -30 -0.17831
1336  594 182 756 344  -30 -0.11526
1337  586 182 748 336  -30 -0.19403
1338  586 182 748 336  -30 -0.30307
1339  586 182 748 336  0 -0.33372
1340  586 178 748 340  -15 -0.15708
1341  584 175 746 337  -30 -0.22179
1342  576 172 743 339  -30 -0.16192
1343  574 170 744 340  0 -0.03935
1344  570 174 740 344  -30 0.01292
1345  581 179 739 347  -30 0.04505
1346  576 184 734 346  -30 -0.07538
1347  578 184 740 346  45 -0.07268
1348  511 184 706 342  -30 -0.13891
1349  516 181 702 339  0 -0.08385
1350  514 182 700 336  0 -0.07044
1351  514 182 700 336  0 -0.07893
1352  514 178 700 340  0 -0.12346
1353  514 175 700 337  0 -0.13890
1354  514 182 700 344  0 -0.17721
1355  521 180 715 342  0 -0.14055
1356  506 172 711 349  0 -0.09976
1357  506 172 711 349  0 -0.04661
1358  506 172 701 349  0 -0.04772
1359  510 178 696 340  0 -0.12704
1360  506 175 692 337  0 -0.05962
1361  502 174 696 336  0 -0.16820
1362  506 172 700 339  0 -0.10631
1363  562 170 724 340  0 -0.13556
1364  562 170 724 340  0 -0.05257
1365  558 163 728 339  0 -0.02736
1366  562 166 732 336  0 -0.08884
1367  553 166 729 336  0 -0.07920
1368  553 171 729 341  0 -0.09573
1369  506 172 729 349  0 0.01832
1370  506 172 729 349  0 -0.03174
1371  506 172 729 349  0 -0.00541
1372  542 182 728 344  0 -0.04950
1373  542 182 728 344  0 -0.05734
1374  506 172 729 349  0 0.07153
1375  506 172 729 349  0 0.04678
1376  506 191 711 358  0 -0.02231
1377  506 191 711 358  0 -0.03145
1378  502 181 707 358  0 -0.09595
1379  497 181 701 358  0 -0.14096
1380  506 190 675 352  0 -0.19988
1381  506 190 675 352  0 -0.20417
1382  510 198 671 352  0 -0.27067
1383  510 198 671 352  0 -0.28841
1384  506 182 683 352  0 -0.40291
1385  497 179 701 356  0 -0.34345
1386  506 185 711 355  0 -0.27708
1387  506 196 711 354  0 -0.23875
1388  571 200 720 349  -30 -0.28877
1389  577 197 726 346  -45 -0.31335
1390  578 190 732 344  -30 -0.25777
1391  578 190 732 344  -30 -0.20991
1392  586 170 740 340  -15 -0.16658
1393  586 170 740 340  -15 -0.25189
1394  594 190 748 336  -15 -0.09996

# id: 2
# avgscore: -0.573706
# length: 10
1314  311 246 460 395  -60 -0.59330
1315  311 246 460 395  -60 -0.58887
1316  311 246 460 395  -60 -0.53137
1317  311 246 460 395  -60 -0.53693
1318  311 246 460 395  -60 -0.57520
1327  311 246 460 395  -60 -0.56576
1328  311 237 460 395  -60 -0.58676
1329  311 237 469 395  -60 -0.59576
1330  311 240 469 395  -60 -2.00000
1331  311 246 469 395  -60 -0.58940

# id: 3
# avgscore: -0.356840
# length: 74
1321  85 312 263 489  45 -0.56646
1322  69 308 263 485  45 -0.47657
1323  69 311 263 480  45 -0.44492
1324  48 304 262 486  30 -0.48248
1325  79 293 256 469  30 -0.46056
1326  48 294 262 486  30 -0.42637
1327  44 294 257 475  30 -0.26643
1328  44 294 257 475  45 -0.20683
1329  61 284 246 460  30 -0.10414
1330  61 284 246 460  30 -0.06240
1331  59 283 230 464  45 -0.06097
1332  52 283 236 464  30 -0.13323
1333  45 278 226 470  30 -0.14237
1334  37 272 221 464  30 -0.08360
1335  36 272 217 454  30 -0.12285
1336  36 272 217 454  30 -0.07624
1337  33 272 214 454  0 -0.11109
1338  33 240 214 454  30 -0.09420
1339  27 251 219 454  0 -0.10454
1340  27 251 219 454  0 -0.08831
1341  27 262 219 464  0 -0.07146
1342  25 262 217 464  0 -0.09693
1343  26 262 216 464  0 -0.13070
1344  24 261 200 456  0 -0.16698
1345  22 262 198 475  0 -0.20064
1346  22 262 198 475  0 -0.21797
1347  19 251 195 486  0 -0.30209
1348  11 251 176 486  0 -0.36565
1349  12 262 167 486  0 -0.48438
1350  12 264 167 484  0 -0.58300
1351  14 261 190 474  0 -2.00000
1352  15 258 214 464  0 -2.00000
1353  16 251 262 443  -45 -0.50708
1354  16 251 262 443  -45 -0.46151
1355  16 251 262 432  -45 -0.49444
1356  16 251 262 432  -45 -0.56266
1357  16 251 262 432  -45 -0.50396
1358  19 251 265 432  -45 -0.51071
1359  16 262 262 432  -45 -0.51546
1360  17 262 262 432  -45 -0.57232
1361  17 262 262 434  -45 -2.00000
1362  18 262 262 436  -45 -2.00000
1363  20 262 262 439  -45 -2.00000
1364  21 262 261 443  -45 -0.58419
1365  18 262 216 450  -45 -2.00000
1366  11 262 134 464  30 -0.56582
1367  14 262 132 475  30 -0.53657
1368  16 262 134 475  30 -0.55309
1369  16 262 134 475  30 -0.51051
1370  16 262 134 475  30 -0.50079
1371  16 262 134 475  30 -0.56486
1372  16 262 134 475  30 -0.54035
1373  16 262 134 475  30 -0.51340
1374  16 262 134 475  30 -0.41739
1375  16 262 144 475  30 -0.36599
1376  16 262 144 475  30 -0.33970
1377  22 262 144 475  30 -0.39575
1378  22 262 144 475  30 -0.40034
1379  22 262 144 475  30 -0.33164
1380  22 262 144 475  30 -0.43264
1381  22 272 144 475  30 -0.43423
1382  16 272 144 475  30 -0.38628
1383  19 272 147 475  30 -0.44231
1384  17 267 150 470  30 -0.36263
1385  11 262 155 454  45 -0.37150
1386  11 262 155 454  30 -0.44483
1387  11 262 155 454  45 -0.44052
1388  11 262 155 454  30 -0.35037
1389  11 262 155 454  30 -0.33547
1390  10 262 163 454  30 -0.33593
1391  11 265 166 451  45 -0.33316
1392  11 272 166 454  45 -0.41687
1393  11 272 166 454  30 -0.36416
1394  11 272 166 454  30 -0.43132
