# format: <frame> <x1> <y1> <x2> <y2> <pose> <score>
#
# id: 2
# avgscore: -0.530530
# length: 36
104  86 518 193 634  0 -0.55975
105  83 518 190 634  0 -0.57483
106  83 518 190 636  15 -0.49502
107  78 523 155 621  0 -0.53044
108  71 528 168 626  0 -0.50303
109  76 525 157 620  0 -0.48664
110  74 530 165 619  15 -0.47830
111  72 530 153 618  0 -0.53521
112  75 532 149 618  15 -0.53323
113  75 532 149 618  15 -0.55986
114  78 520 190 632  15 -0.47773
115  78 520 190 632  15 -0.49440
116  78 520 190 632  15 -0.48775
117  78 520 190 632  15 -0.50620
118  78 520 190 632  15 -0.55624
119  78 520 190 632  0 -0.47805
120  72 524 169 621  0 -0.56386
121  80 523 161 618  -15 -0.56105
122  72 523 153 618  15 -0.54330
123  72 523 153 618  15 -0.49558
124  72 523 153 618  15 -0.56661
125  77 521 178 627  15 -0.58395
126  77 521 178 627  15 -2.00000
127  74 521 155 620  0 -0.42889
128  76 523 153 618  15 -0.54612
129  74 521 155 620  0 -0.55207
130  73 522 157 619  0 -0.55044
131  58 523 142 620  30 -0.51692
132  58 523 142 620  30 -0.48021
133  58 523 142 620  30 -0.54637
134  69 521 153 620  15 -0.58102
135  69 519 153 618  15 -0.56703
136  69 519 153 618  15 -0.55251
137  70 521 159 620  15 -0.49743
138  68 523 161 620  15 -0.58744
139  68 523 161 620  15 -0.59108

# id: 3
# avgscore: -0.300824
# length: 25
104  549 144 641 273  90 -0.58127
105  546 144 636 272  90 -2.00000
106  543 144 632 270  90 -2.00000
107  536 144 622 267  90 -0.55017
108  535 144 621 267  90 -0.50342
109  521 142 626 265  90 -0.57203
110  510 142 625 265  90 -2.00000
111  481 150 616 267  45 -0.59597
112  481 150 616 267  45 -0.53540
113  494 150 610 267  45 -0.25216
114  494 150 610 267  45 -0.30441
115  487 150 604 267  45 -0.19494
116  481 150 604 267  30 -0.18133
117  481 150 604 267  15 -0.19926
118  481 150 598 267  15 -0.03922
119  475 150 592 267  30 -0.08250
120  475 150 592 273  15 -0.06648
121  475 150 592 273  15 -0.07313
122  472 152 589 271  30 -0.10462
123  472 157 589 273  30 -0.02560
124  475 157 592 273  45 -0.18777
125  475 157 592 273  45 -0.21657
126  481 160 598 276  45 -0.38143
127  478 163 601 279  45 -0.40740
128  469 163 610 279  45 -0.56304
