# format: <frame> <x1> <y1> <x2> <y2> <pose> <score>
#
# id: 1
# avgscore: -0.009199
# length: 68
1170  554 158 716 320  -30 0.06909
1171  554 158 716 320  -30 -0.03934
1172  469 163 664 321  45 0.02529
1173  554 158 724 320  -30 0.08675
1174  562 158 724 320  -30 0.16722
1175  562 154 729 311  -30 0.15139
1176  562 158 732 320  -30 0.06291
1177  570 158 732 320  -30 -0.06505
1178  570 150 732 320  -30 -0.06606
1179  581 154 739 321  -30 -0.03678
1180  581 154 739 321  -30 0.01080
1181  578 158 740 320  -30 0.02538
1182  578 158 740 320  -30 -0.05771
1183  581 154 739 321  -30 -0.17000
1184  581 154 739 321  -30 -0.08891
1185  581 163 748 330  -30 -0.03869
1186  590 163 748 339  -30 -0.00410
1187  594 174 748 336  -30 -0.20003
1188  590 181 757 339  -30 -0.16088
1189  586 182 748 352  0 -0.18809
1190  590 191 757 367  0 -0.23680
1191  586 198 756 368  0 -0.21272
1192  586 206 756 368  0 -0.14617
1193  586 198 756 368  0 -0.16266
1194  586 206 756 368  0 -0.17399
1195  590 200 748 376  0 -0.21626
1196  581 200 748 376  0 -0.16317
1197  581 200 748 376  0 -0.18936
1198  581 200 748 376  0 -0.16191
1199  570 198 740 368  0 -0.16170
1200  570 198 740 368  0 -0.24773
1201  581 181 739 367  0 -0.32676
1202  578 198 732 352  -30 -0.51820
1203  562 200 729 358  0 -0.42852
1204  571 191 729 349  -30 -0.26099
1205  571 181 729 339  -30 -0.23792
1206  488 154 692 330  0 -0.08324
1207  488 154 692 330  0 -0.13214
1208  489 158 683 320  0 0.01218
1209  479 154 683 321  0 0.03542
1210  489 158 675 320  0 0.04489
1211  479 172 655 330  30 -0.00911
1212  488 154 674 321  0 0.08660
1213  488 154 674 321  0 0.07727
1214  489 158 675 312  0 0.04527
1215  554 166 708 320  -30 0.19692
1216  554 166 716 328  -30 0.13306
1217  562 166 716 320  -30 0.09482
1218  562 166 716 312  -30 0.11652
1219  497 158 683 320  0 0.06207
1220  497 166 683 320  0 0.09362
1221  479 163 655 321  30 0.16185
1222  562 166 724 328  -30 0.09086
1223  562 163 720 330  -30 0.22061
1224  562 163 720 330  -30 0.24298
1225  546 166 716 328  -30 0.12061
1226  544 163 711 330  -30 0.16587
1227  544 163 711 330  -30 0.23450
1228  534 163 711 321  -30 0.32605
1229  534 163 701 330  -30 0.30476
1230  497 166 667 328  0 0.21289
1231  497 166 667 320  0 0.27433
1232  497 158 667 320  0 0.19694
1233  497 158 667 320  0 0.16141
1234  544 172 701 330  -30 0.08269
1235  546 174 700 328  -30 0.09724
1236  497 166 675 328  0 0.04315
1237  546 182 708 328  -30 0.02528

# id: 2
# avgscore: -0.547450
# length: 1
1172  376 406 425 464  -30 -0.54745

# id: 3
# avgscore: -0.571100
# length: 8
1177  304 187 432 400  -90 -0.59839
1194  304 187 454 400  -75 -0.58803
1195  304 187 454 400  -75 -0.52613
1196  304 187 454 400  -75 -0.58828
1197  304 187 454 400  -75 -0.55897
1198  304 187 432 400  -75 -0.58326
1199  304 187 454 400  -75 -0.59117
1229  315 187 454 400  -75 -0.53457

# id: 4
# avgscore: -0.563300
# length: 1
1178  376 406 437 464  -30 -0.56330

# id: 5
# avgscore: -0.512810
# length: 1
1179  376 406 440 464  -30 -0.51281

# id: 6
# avgscore: -0.463200
# length: 1
1180  376 409 437 464  -45 -0.46320

# id: 7
# avgscore: -0.596010
# length: 1
1181  373 409 434 464  0 -0.59601

# id: 8
# avgscore: -0.593740
# length: 1
1184  379 403 449 467  -45 -0.59374

# id: 9
# avgscore: -0.567380
# length: 1
1187  323 458 416 537  45 -0.56738

# id: 10
# avgscore: -0.587820
# length: 1
1191  379 409 446 464  -45 -0.58782

# id: 11
# avgscore: -0.571215
# length: 2
1207  308 526 369 590  -45 -0.59388
1208  311 526 369 590  -45 -0.54855

# id: 12
# avgscore: -0.573740
# length: 1
1230  18 300 63 351  -30 -0.57374

# id: 13
# avgscore: -0.506300
# length: 1
1231  262 558 326 653  0 -0.50630

# id: 14
# avgscore: -0.567090
# length: 1
1237  935 218 991 274  -15 -0.56709
