# format: <frame> <x1> <y1> <x2> <y2> <pose> <score>
#
# id: 1
# avgscore: -0.377441
# length: 26
1045  627 231 772 376  -30 -0.43608
1046  627 223 772 376  -30 -0.38549
1047  627 223 772 376  -30 -0.41852
1048  623 223 776 376  -30 -0.35561
1049  623 223 776 376  -30 -0.37438
1050  621 223 774 376  -30 -0.37231
1051  621 219 779 376  -30 -0.44644
1052  621 219 783 376  -15 -0.43436
1053  633 215 800 376  0 -0.38689
1054  635 215 805 376  0 -0.36097
1055  635 208 805 384  0 -0.43176
1056  636 200 804 376  30 -0.29087
1057  639 204 801 371  30 -0.12322
1058  651 206 813 368  45 -0.18189
1059  659 206 821 368  45 -0.13423
1060  665 208 820 363  45 -0.34245
1061  723 211 824 312  30 -0.35587
1062  732 213 824 310  15 -0.46046
1063  732 214 824 311  45 -0.45548
1064  659 223 829 368  90 -0.45689
1065  659 223 829 368  90 -0.49857
1066  664 223 826 368  90 -2.00000
1067  672 223 820 368  90 -0.47873
1068  673 222 819 370  90 -0.42987
1069  666 216 814 369  90 -0.37263
1070  658 215 806 370  90 -0.45206

# id: 2
# avgscore: -0.503924
# length: 14
1046  10 458 52 514  -45 -0.45394
1047  10 458 52 514  -45 -2.00000
1048  10 458 52 514  -30 -0.41377
1049  10 457 52 513  -45 -0.42364
1050  10 455 52 514  -30 -0.58757
1051  6 455 52 514  -30 -0.49112
1052  6 456 52 513  -30 -2.00000
1053  7 456 52 513  -30 -0.49464
1054  6 455 47 514  -30 -0.57742
1055  6 456 46 514  -30 -2.00000
1056  5 457 46 514  -30 -2.00000
1057  4 458 44 514  -30 -0.51033
1058  4 458 44 514  -30 -2.00000
1059  5 458 45 513  -45 -0.58289

# id: 3
# avgscore: -0.495408
# length: 24
1047  149 464 204 532  0 -0.58274
1048  139 464 206 532  0 -0.59075
1049  139 467 206 532  45 -0.39190
1050  116 467 200 532  0 -0.56942
1051  121 467 201 532  45 -0.57367
1052  121 466 201 532  45 -2.00000
1053  126 465 202 531  45 -2.00000
1054  135 465 205 532  0 -0.58946
1055  136 463 203 530  0 -0.54380
1056  133 463 203 530  0 -0.51195
1057  132 463 203 530  0 -0.54170
1058  132 463 203 530  0 -0.45917
1059  138 464 199 529  0 -0.52045
1060  138 464 199 529  0 -0.56593
1061  130 464 198 529  0 -0.55383
1062  130 464 198 529  0 -0.41647
1063  127 466 195 531  0 -0.43644
1064  124 467 191 530  0 -0.44435
1065  121 467 191 530  0 -0.41700
1066  120 467 191 530  0 -0.39657
1067  118 467 189 530  0 -0.45359
1068  117 466 188 531  0 -0.53040
1069  115 463 189 530  0 -0.42102
1070  115 463 189 530  0 -0.38837

# id: 4
# avgscore: -0.552018
# length: 22
1047  382 403 434 467  45 -0.58685
1048  379 400 437 461  -30 -0.55202
1049  377 401 436 460  -30 -2.00000
1050  375 401 436 460  -30 -2.00000
1051  373 402 435 459  -30 -2.00000
1052  369 402 434 459  0 -0.58519
1053  369 403 434 464  45 -0.55384
1054  369 403 434 464  45 -0.57784
1055  369 406 434 462  45 -0.55451
1056  383 404 432 460  -30 -0.50926
1057  383 403 432 461  -30 -0.56832
1058  376 403 431 464  45 -0.55685
1059  376 403 431 464  45 -0.51784
1060  374 405 427 463  -30 -0.53204
1061  376 405 428 460  45 -0.52638
1062  375 405 427 460  -30 -0.48052
1063  375 405 427 460  -30 -0.54920
1064  363 406 418 464  -45 -0.58619
1065  362 415 418 463  45 -0.55716
1066  363 418 418 463  45 -0.54257
1067  362 419 417 463  45 -2.00000
1068  362 420 415 463  45 -0.59974
