# format: <frame> <x1> <y1> <x2> <y2> <pose> <score>
#
# id: 1
# avgscore: -0.568030
# length: 2
101  532 192 596 241  -90 -0.56197
105  523 192 587 247  -90 -0.57409

# id: 2
# avgscore: -0.530530
# length: 35
104  86 518 193 634  0 -0.55975
105  83 515 190 638  0 -0.57483
106  76 523 153 618  15 -0.49502
107  83 520 190 638  0 -0.53044
108  80 523 153 621  0 -0.50303
109  71 532 168 621  0 -0.48664
110  72 523 153 618  15 -0.47830
111  76 530 167 618  0 -0.53521
112  72 532 146 618  15 -0.53323
113  78 532 146 618  15 -0.55986
114  78 520 190 632  15 -0.47773
115  78 520 190 632  15 -0.49440
116  78 520 190 632  15 -0.48775
117  78 520 190 632  15 -0.50620
118  78 520 190 632  15 -0.55624
119  71 524 168 621  0 -0.47805
120  78 520 190 638  0 -0.56386
121  85 523 155 575  -15 -0.56105
122  72 523 153 618  15 -0.54330
123  72 523 153 618  15 -0.49558
124  72 523 153 618  15 -0.56661
125  78 520 190 632  15 -0.58395
127  76 523 153 618  0 -0.42889
128  72 519 153 618  15 -0.54612
129  76 523 153 618  0 -0.55207
130  71 520 168 621  0 -0.55044
131  58 523 142 620  30 -0.51692
132  58 523 142 620  30 -0.48021
133  58 523 142 620  30 -0.54637
134  72 519 153 621  15 -0.58102
135  69 519 153 618  15 -0.56703
136  69 519 153 618  15 -0.55251
137  71 520 160 621  15 -0.49743
138  68 523 161 620  15 -0.58744
139  68 523 161 620  15 -0.59108

# id: 3
# avgscore: -0.300824
# length: 22
104  549 144 641 273  90 -0.58127
107  536 144 622 267  90 -0.55017
108  530 144 616 267  90 -0.50342
109  525 138 630 264  90 -0.57203
111  481 150 616 267  45 -0.59597
112  469 150 622 267  45 -0.53540
113  500 150 616 267  45 -0.25216
114  494 150 610 267  45 -0.30441
115  487 150 604 267  45 -0.19494
116  481 150 604 267  30 -0.18133
117  481 150 604 273  15 -0.19926
118  481 150 598 267  15 -0.03922
119  475 150 585 267  30 -0.08250
120  475 150 592 273  15 -0.06648
121  475 150 592 273  15 -0.07313
122  468 152 588 271  30 -0.10462
123  475 157 585 273  30 -0.02560
124  475 157 592 273  45 -0.18777
125  475 157 592 273  45 -0.21657
126  481 163 598 273  45 -0.38143
127  481 163 604 279  45 -0.40740
128  469 163 610 279  45 -0.56304

# id: 4
# avgscore: -0.555220
# length: 1
105  222 467 290 547  0 -0.55522

# id: 5
# avgscore: -0.536938
# length: 5
118  14 333 63 379  75 -0.58380
119  14 333 63 379  75 -0.52842
121  11 327 63 379  60 -0.51394
122  11 327 63 382  90 -0.57285
138  15 324 58 372  60 -0.48568

# id: 6
# avgscore: -0.566400
# length: 2
133  13 259 72 315  90 -0.59024
139  13 245 69 329  90 -0.54256
