# format: <frame> <x1> <y1> <x2> <y2> <pose> <score>
#
# id: 1
# avgscore: -0.540355
# length: 15
658  450 372 487 431  90 -0.44380
659  446 373 482 431  90 -2.00000
660  438 375 472 431  90 -0.51411
661  432 375 467 431  90 -2.00000
662  421 375 456 431  90 -0.57163
663  414 375 451 431  90 -0.34571
664  410 375 445 431  90 -0.59829
665  401 373 438 428  90 -0.57897
706  303 356 338 404  90 -0.57392
707  303 356 338 404  90 -0.59167
760  308 354 342 402  90 -0.55034
761  308 354 342 402  90 -2.00000
762  305 354 339 402  90 -0.58842
763  305 354 339 402  90 -2.00000
764  308 354 338 402  90 -0.58705

# id: 3
# avgscore: -0.324767
# length: 230
658  675 179 782 286  0 -0.59328
659  670 179 779 293  0 -2.00000
660  666 180 776 300  0 -2.00000
661  661 180 773 307  0 -2.00000
662  656 180 769 314  0 -2.00000
663  649 180 762 314  0 -0.58526
664  642 169 752 297  0 -0.54249
665  641 166 751 288  0 -0.46364
666  634 160 751 288  0 -0.37366
667  628 160 745 288  0 -0.46944
668  628 157 745 285  0 -0.49203
669  628 160 745 288  0 -0.41989
670  628 163 745 285  0 -0.40704
671  625 163 742 285  0 -0.53946
672  622 163 739 285  0 -0.47959
673  622 163 739 285  0 -0.50170
674  620 165 739 281  0 -2.00000
675  618 167 737 279  -15 -0.54435
676  610 169 732 273  0 -0.56481
677  611 169 728 280  -15 -0.58875
689  522 173 639 279  45 -0.58810
690  513 174 625 280  45 -0.45928
691  504 180 616 278  90 -0.53770
692  501 180 613 278  60 -0.43329
693  495 174 611 277  45 -0.39525
694  492 174 610 277  45 -0.44004
695  492 175 610 279  45 -0.44173
696  494 175 604 279  60 -0.37027
697  500 175 604 279  60 -0.31869
698  500 175 604 279  75 -0.23878
699  511 180 609 278  60 -0.33042
700  511 180 609 278  60 -0.14443
701  510 181 611 279  60 -0.11594
702  515 181 616 279  90 -0.06932
703  524 187 616 279  60 -0.10631
704  531 187 622 279  90 -0.13842
705  532 188 621 277  90 -0.09969
706  535 182 626 278  90 -0.17460
707  537 192 626 277  90 -0.18542
708  544 192 629 277  90 -0.12731
709  548 192 633 277  90 -0.16107
710  551 188 634 277  90 -0.02014
711  551 188 634 277  90 -0.15747
712  554 188 637 277  90 -0.00465
713  551 188 639 277  90 -0.06507
714  551 186 639 279  90 0.02351
715  555 186 639 279  90 0.00407
716  556 188 637 281  90 -0.10146
717  557 188 638 281  90 -0.19082
718  564 190 637 283  90 -0.21866
719  564 190 637 283  90 -0.29515
720  551 186 634 283  90 -0.21944
721  546 184 634 281  90 -0.16550
722  549 184 632 281  90 -0.08808
723  541 182 629 279  90 0.05904
724  541 182 629 275  90 0.17373
725  541 179 629 272  90 0.04744
726  541 174 629 272  90 0.08824
727  551 174 629 272  90 0.03257
728  551 174 629 272  90 0.11456
729  551 174 629 270  90 0.03619
730  555 173 629 269  90 0.00779
731  552 174 632 270  90 0.08218
732  552 174 632 270  90 0.04207
733  558 174 638 270  60 0.10196
734  560 175 639 271  60 -0.12027
735  560 174 639 272  90 0.00670
736  560 174 639 272  90 -0.21276
737  558 174 641 272  90 -0.10996
738  560 178 644 276  90 -0.09741
739  564 180 648 276  90 -0.12134
740  564 183 648 279  90 0.03557
741  568 184 648 277  90 0.00839
742  568 184 648 280  90 -0.02104
743  558 184 648 280  90 -0.00787
744  558 184 648 280  90 -0.00892
745  558 184 648 277  90 0.04328
746  564 184 648 277  90 0.03369
747  564 184 648 277  90 0.09169
748  564 184 648 277  90 0.05818
749  558 179 648 275  90 0.08305
750  558 179 648 275  90 0.12638
751  560 179 648 275  90 0.09389
752  563 179 648 275  90 0.17494
753  563 179 648 275  90 -0.01783
754  552 179 648 275  60 -0.19760
755  552 182 648 278  75 -0.15634
756  552 182 648 279  90 -0.32688
757  549 184 647 282  60 -0.23971
758  546 187 644 285  60 -0.22973
759  546 187 644 285  75 -0.35050
760  547 188 643 284  75 -0.43552
761  544 188 640 284  30 -0.40334
762  536 192 632 288  90 -0.39562
763  532 188 634 291  45 -0.41616
764  527 188 629 291  45 -0.41849
765  527 188 625 291  45 -0.49646
766  527 190 623 291  45 -2.00000
767  527 193 620 291  45 -0.59453
768  523 197 616 293  45 -0.49919
769  515 200 611 296  45 -0.54536
770  505 200 611 296  30 -0.57547
771  503 199 613 297  30 -0.55348
772  499 199 611 297  0 -0.46697
773  499 193 611 295  0 -0.42915
774  498 195 604 296  15 -0.46518
775  496 193 602 295  0 -0.46723
776  495 195 602 297  0 -0.35746
777  495 193 602 300  0 -0.28258
778  494 195 600 302  0 -0.36931
779  494 195 600 302  0 -0.30514
780  493 195 599 302  0 -0.32539
781  487 193 598 304  0 -0.34453
782  487 193 598 304  0 -0.44319
783  486 204 597 310  0 -0.41714
784  486 204 593 310  0 -0.49034
785  483 200 590 312  0 -0.39028
786  483 200 590 312  0 -0.46396
787  483 206 590 312  0 -0.46375
788  478 209 590 315  0 -0.52973
789  478 209 590 316  0 -0.55353
790  478 206 590 318  0 -0.55821
791  476 207 586 317  0 -0.47821
792  478 206 584 318  0 -0.54231
793  478 207 584 317  0 -0.58193
794  478 206 584 318  0 -0.53120
795  478 206 584 318  0 -0.46879
796  478 206 584 318  0 -0.37384
797  478 206 584 318  0 -0.30491
798  478 206 584 318  0 -0.25854
799  478 211 579 318  0 -0.25773
800  478 211 579 318  0 -0.30056
801  478 211 579 318  0 -0.35574
802  478 211 579 318  0 -0.25525
803  478 211 579 312  0 -0.31948
804  478 211 579 312  0 -0.32391
805  478 211 579 312  0 -0.31494
806  475 206 577 312  0 -0.29586
807  471 201 575 312  0 -0.25811
808  471 203 575 309  0 -0.37237
809  474 199 572 310  -15 -0.33389
810  476 205 569 307  0 -0.22741
811  472 206 568 308  0 -0.31343
812  472 207 568 309  0 -0.32427
813  472 207 568 309  0 -0.32002
814  472 207 569 309  0 -0.33967
815  472 206 574 308  0 -0.29950
816  472 196 574 308  0 -0.28346
817  470 206 572 308  0 -0.33876
818  466 193 570 310  0 -0.34521
819  463 199 573 310  0 -0.35317
820  463 193 573 310  0 -0.26976
821  463 193 573 310  0 -0.30690
822  463 193 573 310  0 -0.30218
823  463 193 567 310  0 -0.33004
824  463 199 567 310  0 -0.28032
825  463 199 567 310  0 -0.33931
826  463 187 567 310  0 -0.38714
827  463 187 567 310  0 -0.33561
828  463 187 567 310  0 -0.37749
829  463 187 567 310  0 -0.39800
830  460 187 564 310  0 -0.42139
831  462 193 563 310  0 -0.49877
832  457 199 561 316  0 -0.51090
833  457 204 561 314  0 -0.51276
834  457 199 561 316  0 -0.46787
835  454 206 558 316  0 -0.48515
836  454 196 552 313  0 -0.56482
837  451 204 552 314  0 -0.58020
838  451 206 552 312  0 -0.56749
839  451 207 552 311  0 -0.58045
840  444 206 549 310  0 -0.57574
841  432 206 549 310  0 -0.53828
842  426 206 549 310  0 -0.51402
843  426 206 549 310  0 -0.49410
844  440 208 547 309  0 -0.53935
845  440 211 547 307  0 -0.51658
846  440 211 547 307  0 -0.46834
847  435 207 547 311  0 -0.47454
848  426 206 543 310  0 -0.29111
849  426 206 543 310  0 -0.22601
850  426 206 543 310  0 -0.22608
851  426 199 543 310  0 -0.31314
852  426 199 543 310  -15 -0.33870
853  435 200 536 307  -15 -0.27070
854  435 200 536 307  -15 -0.31105
855  430 200 536 307  -15 -0.30811
856  430 200 536 307  -15 -0.29899
857  430 200 531 307  -15 -0.32487
858  430 200 531 307  -15 -0.29373
859  430 206 531 312  -30 -0.34339
860  430 206 531 312  -15 -0.36202
861  427 206 529 312  -15 -0.34636
862  428 211 529 312  -15 -0.29265
863  430 211 526 312  -15 -0.35352
864  430 211 526 312  -15 -0.30323
865  430 213 527 314  0 -0.42858
866  430 214 527 316  0 -0.37247
867  428 216 529 318  -30 -0.37677
868  430 216 526 318  -30 -0.37685
869  428 216 529 318  -30 -0.42608
870  426 216 524 318  -15 -0.49164
871  424 219 526 321  -30 -0.47392
872  422 222 524 319  -15 -0.45239
873  419 222 526 319  -15 -0.47323
874  421 222 523 323  -15 -0.46790
875  422 222 523 323  0 -0.46530
876  424 222 520 323  -30 -0.43163
877  424 222 520 323  -30 -0.35241
878  424 222 520 323  -30 -0.35911
879  424 224 520 325  -30 -0.41508
880  421 222 518 323  0 -0.48689
881  419 226 520 323  -15 -0.52651
882  421 226 523 323  0 -0.41564
883  421 226 523 323  0 -0.47727
884  421 226 523 323  -30 -0.46736
885  421 226 523 323  -15 -0.43937
886  421 226 523 323  -15 -0.56191
887  421 226 523 323  0 -0.46772
888  421 226 523 323  0 -0.51669
889  421 226 523 323  0 -0.52898
890  421 226 523 323  0 -0.52269
891  421 226 523 323  0 -0.49510
892  420 226 524 324  -30 -0.54815
893  420 224 524 322  -30 -0.48856
894  420 224 524 322  -30 -0.48077
895  420 224 524 322  -30 -0.43805
896  420 224 524 322  -30 -0.52015
897  420 224 524 322  -30 -0.50375
898  420 224 524 322  -30 -0.51158

# id: 4
# avgscore: -0.095098
# length: 240
659  797 156 903 244  0 -0.45703
660  792 152 898 249  45 -0.57417
661  801 154 889 259  15 -0.34365
662  811 142 903 239  0 -0.31071
663  811 142 903 270  0 -0.18141
664  803 147 899 240  0 -0.17377
665  797 151 894 244  15 -0.06237
666  792 151 889 244  0 -0.02786
667  792 154 889 247  0 0.03894
668  788 152 884 248  0 0.10297
669  787 152 884 248  0 0.11733
670  784 151 881 249  0 0.16991
671  783 151 880 249  0 0.02699
672  785 147 881 243  0 0.13277
673  786 147 882 243  0 0.08414
674  791 147 884 243  0 0.12480
675  797 147 890 244  0 0.17548
676  801 147 894 244  0 -0.01882
677  806 147 899 244  0 0.02131
678  810 147 908 244  0 -0.07757
679  815 147 913 244  0 -0.02304
680  823 147 919 244  0 -0.09595
681  830 147 926 248  0 -0.12039
682  835 147 931 248  0 -0.12104
683  838 147 941 244  0 -0.18442
684  840 139 947 235  -30 -0.15499
685  836 139 952 229  0 -0.26147
686  836 137 952 230  0 -0.28927
687  829 136 945 227  0 -0.26019
688  822 137 950 230  45 -0.31753
689  822 136 950 232  0 -0.20804
690  846 136 958 232  0 -0.25054
691  869 137 957 230  0 -0.30521
692  874 137 957 230  0 -0.30833
693  876 137 959 230  0 -0.24553
694  876 137 959 230  0 -0.29994
695  874 137 957 230  0 -0.27662
696  876 137 955 230  0 -0.28667
697  871 137 950 230  0 -0.31002
698  848 135 945 233  0 -0.11378
699  808 133 926 229  30 -0.12838
700  805 131 923 227  0 -0.13666
701  808 129 915 225  0 -0.01683
702  806 130 903 218  0 -0.01786
703  806 133 894 221  0 -0.13417
704  804 133 892 221  0 -0.07992
705  800 133 883 226  0 -0.10012
706  798 131 878 227  0 -0.04840
707  792 133 872 230  0 -0.13190
708  790 131 874 232  0 -0.14175
709  782 131 883 232  0 0.00696
710  785 126 886 227  0 -0.06158
711  782 126 888 227  0 0.16053
712  782 126 888 227  0 0.14064
713  782 126 888 222  0 0.08245
714  785 126 891 222  0 0.09434
715  790 128 891 221  0 -0.04598
716  792 129 889 220  0 -0.04727
717  803 126 883 216  0 -0.05595
718  803 127 883 213  0 -0.13094
719  808 122 904 208  -30 -0.08842
720  811 123 908 207  -30 -0.18151
721  811 123 908 207  -30 -0.27785
722  811 123 908 207  -30 -0.30439
723  811 123 908 207  0 -0.16924
724  811 123 908 207  0 -0.16193
725  811 126 913 210  0 -0.09826
726  813 126 915 215  0 -0.20126
727  844 128 945 213  -30 -0.11776
728  854 129 950 214  -30 -0.05706
729  859 131 955 216  -30 -0.19332
730  859 131 955 216  -30 -0.19162
731  862 132 958 215  -30 -0.15416
732  862 132 958 215  -30 -0.20082
733  866 133 954 216  -30 -0.15442
734  871 133 959 216  -30 -0.08762
735  871 133 959 216  -30 -0.08521
736  871 137 959 221  -30 -0.12132
737  863 139 951 229  0 0.03409
738  857 141 954 231  -30 -0.09421
739  855 141 956 231  -30 -0.04547
740  851 136 952 227  -30 -0.05027
741  820 136 922 227  0 -0.10542
742  815 137 917 226  0 -0.25784
743  815 137 917 226  0 -0.20064
744  814 136 920 227  0 -0.17082
745  814 136 920 227  0 -0.15013
746  814 136 915 227  0 -0.20091
747  809 139 910 229  -15 -0.24731
748  803 142 904 232  0 -0.22267
749  803 142 904 232  0 -0.11445
750  803 142 904 232  0 -0.20356
751  801 142 899 232  -15 -0.16385
752  799 144 896 234  0 -0.12230
753  800 144 896 234  0 -0.13674
754  805 143 898 231  -15 -0.09488
755  805 142 901 232  -15 -0.11007
756  806 142 902 232  -30 -0.08234
757  806 142 903 232  -30 -0.12691
758  808 137 904 226  -15 -0.06343
759  809 137 905 226  -30 -0.09380
760  816 137 909 226  -30 -0.06195
761  816 137 909 226  -30 -0.05425
762  811 133 903 221  0 -0.05572
763  811 133 903 221  0 -0.11818
764  811 133 908 216  0 -0.03293
765  811 133 917 216  0 -0.03346
766  811 133 917 216  0 -0.08805
767  816 133 922 216  0 -0.03861
768  850 133 947 216  -30 -0.12670
769  858 133 954 216  -30 -0.07728
770  862 134 958 220  -30 -0.14236
771  866 133 959 221  -30 -0.18796
772  866 133 959 221  -30 -0.07496
773  866 133 959 221  -30 -0.09092
774  866 133 959 221  -30 -0.12762
775  862 134 958 220  -30 -0.10268
776  857 132 954 218  -30 -0.22006
777  852 130 954 220  0 -0.27858
778  851 133 953 226  0 -0.23620
779  851 131 953 227  0 -0.22654
780  848 128 950 226  0 -0.22345
781  840 128 947 226  0 -0.16955
782  830 131 942 222  -30 -0.21516
783  833 131 940 222  -15 -0.27896
784  834 133 936 230  0 -0.12354
785  829 133 931 230  0 -0.24633
786  824 133 927 230  0 -0.24563
787  813 126 916 227  0 -0.12549
788  808 126 915 227  -15 -0.08928
789  806 134 907 230  -30 -0.21874
790  800 136 907 232  0 -0.21857
791  792 136 899 232  0 -0.17380
792  779 136 886 232  0 -0.07355
793  782 136 883 232  0 -0.10374
794  781 141 882 237  0 -0.18453
795  771 142 872 238  0 -0.21476
796  771 142 872 238  0 -0.10313
797  769 145 870 241  0 -0.17480
798  764 145 866 241  0 -0.25894
799  760 149 862 241  0 -0.23197
800  759 151 862 239  0 -0.26423
801  759 151 862 239  0 -0.21431
802  759 151 862 239  0 -0.18623
803  760 151 862 239  0 -0.11563
804  760 151 862 239  0 -0.13654
805  764 147 862 235  0 -0.20086
806  768 142 866 230  0 -0.29974
807  768 137 865 226  0 -0.18054
808  775 137 859 226  0 -0.14499
809  778 137 862 226  0 -0.15138
810  778 133 862 221  0 -0.08604
811  783 133 866 221  0 -0.03974
812  785 131 868 222  0 -0.11011
813  792 130 888 223  -30 0.03176
814  792 133 888 226  0 -0.01512
815  793 133 881 226  0 0.06997
816  792 131 880 224  0 0.00776
817  792 128 880 221  0 0.11457
818  792 128 883 221  0 0.08641
819  792 129 885 225  0 0.06784
820  792 128 885 226  0 0.06294
821  792 128 885 226  0 0.15790
822  792 131 885 224  0 -0.01272
823  792 131 885 219  0 0.04754
824  792 127 885 217  0 0.07546
825  792 128 883 216  0 0.06276
826  792 127 883 217  0 -0.01012
827  803 131 899 222  -30 0.02840
828  801 131 902 222  -30 -0.01729
829  798 126 894 216  -30 -0.05476
830  792 126 880 215  0 -0.07317
831  792 123 880 212  0 -0.02285
832  792 123 881 212  0 0.00569
833  787 125 876 210  -30 0.05642
834  787 126 894 211  -15 0.01930
835  790 123 879 207  -30 -0.03618
836  793 123 876 207  -30 0.09695
837  790 123 864 207  0 -0.02415
838  792 123 862 207  -30 0.08259
839  792 123 862 207  -30 0.07578
840  792 124 862 208  -30 -0.01140
841  787 127 866 211  -30 -0.03146
842  788 128 863 212  -30 -0.07313
843  787 128 862 212  -30 0.05801
844  787 128 862 212  -30 -0.03185
845  787 128 862 212  -30 0.05092
846  787 130 862 214  -30 0.15501
847  787 131 862 216  -30 0.10586
848  787 133 862 216  -30 0.04459
849  787 133 866 216  -30 0.01956
850  787 133 866 216  -30 -0.01890
851  785 133 874 216  -30 -0.00013
852  785 133 878 216  -30 0.00101
853  785 133 878 216  -30 0.05346
854  783 133 880 216  -30 -0.00911
855  783 133 880 216  -15 -0.04519
856  783 133 880 216  -15 0.08166
857  782 133 878 216  -15 0.07694
858  782 136 878 222  -30 0.02157
859  782 136 878 222  -30 0.18678
860  782 136 878 222  -30 0.09683
861  783 137 876 221  -30 0.06883
862  783 137 871 221  -30 0.04723
863  783 137 871 221  -30 0.03581
864  783 137 871 221  -30 -0.00820
865  782 137 872 221  -30 0.00520
866  782 136 872 222  -30 0.03710
867  782 136 872 222  -30 -0.07240
868  776 136 872 222  -30 0.01460
869  776 136 872 222  -30 -0.07590
870  778 133 866 221  -30 -0.02650
871  778 133 866 221  -30 -0.09385
872  778 133 866 221  -30 -0.07451
873  776 134 867 220  -15 -0.10862
874  773 133 866 216  -30 -0.15573
875  774 133 865 216  -15 -0.12470
876  773 133 862 216  -30 -0.15576
877  773 133 862 216  -30 -0.16853
878  773 133 862 216  -15 -0.21474
879  769 133 862 216  -30 -0.17031
880  771 133 860 216  -30 -0.22299
881  769 133 862 216  -30 -0.21820
882  769 133 862 216  -30 -0.18033
883  769 133 862 216  -30 -0.24428
884  769 133 862 216  -30 -0.13053
885  769 133 862 216  -30 -0.18378
886  769 133 862 216  -30 -0.16165
887  769 133 862 216  -30 -0.13072
888  769 133 862 216  -30 -0.19688
889  769 133 862 216  -30 -0.13044
890  769 133 862 216  -30 -0.15424
891  771 131 862 216  -30 -0.08998
892  769 133 862 216  -30 -0.18466
893  770 131 863 216  -30 -0.14825
894  771 131 867 216  -30 -0.10153
895  771 131 867 216  -30 -0.09148
896  776 131 867 216  -30 -0.03235
897  777 133 868 216  -30 -0.06217
898  778 133 871 216  -30 -0.02499
