# format: <frame> <x1> <y1> <x2> <y2> <pose> <score>
#
# id: 1
# avgscore: 0.763450
# length: 76
1238  349 180 482 321  0 0.47660
1239  335 180 482 321  30 0.42793
1240  335 180 482 313  30 0.48952
1241  335 180 482 313  30 0.40783
1242  335 180 482 313  30 0.46659
1243  335 180 482 313  30 0.37598
1244  336 180 481 313  0 0.32999
1245  335 177 475 318  30 0.27257
1246  335 177 475 317  30 0.29983
1247  335 177 475 317  15 0.29542
1248  339 180 479 313  0 0.34948
1249  342 180 482 313  0 0.36612
1250  335 180 482 313  0 0.35738
1251  342 177 489 317  0 0.35738
1252  342 173 489 313  0 0.42273
1253  342 173 489 313  0 0.40840
1254  342 173 489 313  0 0.46036
1255  342 173 482 313  0 0.37670
1256  342 173 482 313  0 0.53714
1257  342 173 482 313  0 0.59661
1258  342 173 482 313  0 0.63011
1259  335 173 482 313  0 0.68138
1260  342 173 482 313  0 0.74085
1261  339 173 479 313  0 0.71241
1262  342 173 482 313  0 0.67974
1263  342 173 482 313  0 0.67190
1264  342 173 489 313  0 0.67430
1265  342 173 489 313  0 0.54586
1266  339 173 479 321  0 0.66776
1267  335 173 475 321  0 0.72978
1268  335 177 475 325  0 0.74318
1269  333 180 478 321  0 0.81332
1270  335 180 482 321  0 0.87588
1271  335 180 482 321  0 0.86487
1272  335 180 475 321  0 0.87308
1273  335 180 475 321  0 0.86447
1274  335 180 475 321  0 0.87709
1275  335 180 475 321  0 0.79322
1276  335 180 475 328  0 0.86968
1277  335 180 475 328  0 0.93596
1278  335 180 475 321  0 0.94209
1279  335 180 475 321  0 0.87266
1280  335 187 475 328  0 0.96697
1281  335 184 475 332  0 0.95196
1282  332 180 479 328  0 0.91120
1283  334 181 481 322  0 0.94070
1284  335 180 482 321  0 0.96887
1285  335 180 482 321  0 0.95936
1286  335 180 482 321  0 0.92968
1287  335 180 482 321  0 0.81869
1288  335 180 482 321  0 0.90452
1289  335 180 482 321  0 0.96013
1290  335 180 482 321  0 1.00625
1291  335 180 482 321  0 0.94695
1292  335 180 482 321  0 0.94679
1293  335 180 482 321  0 0.89547
1294  335 180 482 321  0 0.98271
1295  335 180 482 321  0 0.86514
1296  335 180 482 321  0 0.97463
1297  335 180 482 321  0 1.00418
1298  339 187 486 328  0 0.98360
1299  339 187 486 328  0 0.94968
1300  342 187 482 335  0 0.93708
1301  342 187 482 335  0 0.91643
1302  342 187 482 335  0 0.93617
1303  342 188 482 334  0 0.99525
1304  342 187 482 328  0 0.98816
1305  342 187 482 321  0 1.04570
1306  342 187 482 321  0 1.01547
1307  342 187 482 321  0 0.94282
1308  342 187 482 328  0 0.96772
1309  342 187 482 328  0 0.98602
1310  342 187 482 328  0 1.03802
1311  342 187 482 328  0 1.05931
1312  342 187 482 328  0 1.06302
1313  342 187 482 328  0 1.12939

# id: 3
# avgscore: -0.241913
# length: 63
1244  766 265 887 432  -90 -0.53250
1245  773 263 894 425  -90 -0.33944
1246  780 255 894 417  -90 -0.16754
1247  789 247 894 417  -90 -0.24599
1248  797 239 902 409  -90 -0.09598
1249  803 236 908 398  -90 -0.22290
1250  813 231 918 392  -90 -0.21077
1251  813 231 918 392  -90 -0.11238
1252  821 223 926 384  -90 -0.24206
1253  827 222 940 384  -90 -0.18183
1254  829 216 950 383  -90 -0.05501
1255  827 209 976 378  -90 -0.07432
1256  835 209 995 376  -60 -0.05800
1257  838 203 998 373  -60 0.06253
1258  843 198 1003 368  -60 -0.01146
1259  848 198 1008 368  -60 -0.18228
1260  850 200 1008 376  -30 -0.37133
1261  850 200 1008 376  -30 -0.19282
1262  850 200 1017 376  -30 -0.06539
1263  850 198 1017 379  -30 0.04814
1264  843 198 1025 379  -30 0.15168
1265  838 198 1030 379  -15 0.14303
1266  838 198 1030 379  -30 0.13708
1267  838 198 1030 379  0 0.18613
1268  833 198 1025 379  -30 0.19644
1269  833 200 1025 376  -15 0.11913
1270  832 200 1018 376  -15 0.15276
1271  841 200 1008 376  -30 0.01494
1272  822 200 989 376  -30 -0.12743
1273  826 200 986 376  -45 -0.33089
1274  826 198 986 379  -60 -0.33060
1275  822 197 993 380  -60 -0.26044
1276  803 190 999 386  -60 -0.25848
1277  803 191 999 386  -75 -0.37247
1278  794 191 980 386  -90 -0.48122
1279  804 209 961 386  -90 -0.48746
1280  805 209 918 386  -90 -0.54083
1281  804 215 915 392  -90 -0.52236
1282  807 215 912 392  -90 -0.58146
1283  813 215 910 392  -90 -0.52078
1284  813 215 910 392  -90 -0.55551
1285  814 211 907 394  -90 -0.52172
1286  815 211 906 394  -90 -2.00000
1287  818 215 907 392  -90 -0.57490
1288  821 215 910 391  -90 -0.58926
1296  820 219 919 388  -90 -0.58873
1297  820 215 919 384  -90 -0.55095
1298  820 215 919 384  -90 -0.48987
1299  822 209 934 386  -90 -0.35479
1300  822 209 935 386  -90 -0.37928
1301  822 209 943 386  -90 -0.42764
1302  822 209 943 395  -90 -0.21055
1303  822 209 943 395  -90 -0.17443
1304  822 209 952 395  -90 -0.13169
1305  822 209 952 395  -90 -0.16611
1306  822 209 952 395  -90 -0.30182
1307  822 202 961 394  -90 -0.28197
1308  816 198 998 390  -75 -0.26604
1309  816 198 998 390  -60 -0.20965
1310  816 198 998 390  -60 -0.26260
1311  822 200 961 386  -90 -0.25255
1312  822 200 952 386  -90 -0.29268
1313  822 200 952 376  -60 -0.45131
