# format: <frame> <x1> <y1> <x2> <y2> <pose> <score>
#
# id: 1
# avgscore: -0.081473
# length: 138
247  846 110 936 200  -30 0.02261
248  846 110 936 200  -30 0.02185
249  840 110 931 206  0 -0.08951
250  834 105 927 198  0 -0.16382
251  830 104 920 200  0 -0.13101
252  840 110 920 195  -30 -0.07309
253  835 110 920 195  -30 -0.19749
254  834 109 917 198  -30 -0.16664
255  830 110 915 200  -30 -0.17683
256  834 109 913 198  -30 -0.23160
257  830 110 915 200  -30 -0.22169
258  830 115 915 206  -30 -0.12199
259  830 115 915 206  -30 -0.18460
260  835 115 915 206  -30 -0.27007
261  835 115 920 206  -30 -0.24453
262  835 115 920 206  -30 -0.24808
263  840 115 920 206  -30 -0.24769
264  840 115 926 206  -30 -0.30083
265  851 115 931 206  -30 -0.25463
266  852 109 941 202  -15 -0.28322
267  857 109 950 207  0 -0.18231
268  871 109 959 198  -15 -0.14538
269  880 105 968 198  -15 -0.04809
270  889 105 978 198  0 -0.05602
271  894 104 990 195  -15 0.03161
272  904 104 995 195  -30 0.01527
273  915 104 1006 195  -15 0.02945
274  920 99 1016 200  0 0.00412
275  931 100 1024 198  0 0.03935
276  936 99 1032 195  0 0.09206
277  942 99 1038 216  0 0.11001
278  947 99 1043 216  0 0.16135
279  952 99 1048 195  0 0.18686
280  958 99 1048 195  0 0.26683
281  958 99 1048 216  0 0.25378
282  958 99 1054 195  0 0.22457
283  958 99 1054 195  0 0.27344
284  958 99 1054 195  0 0.27249
285  958 99 1054 200  0 0.14523
286  958 99 1048 200  0 0.16060
287  958 99 1048 200  0 0.21430
288  958 99 1054 195  0 0.27828
289  958 99 1054 216  0 0.30526
290  958 94 1054 211  0 0.27809
291  958 94 1054 216  0 0.28026
292  958 94 1048 216  0 0.27714
293  952 94 1048 216  0 0.21754
294  952 94 1043 216  0 0.13381
295  942 99 1038 216  0 0.10512
296  936 99 1032 195  -30 0.00825
297  926 99 1022 195  -30 -0.23951
298  931 104 1054 190  -45 -0.35023
299  917 105 1006 193  -30 -0.34590
300  915 104 1000 195  -30 -0.44594
301  904 104 995 195  -30 -0.24087
302  899 105 987 198  -30 -0.26217
303  899 104 984 200  -30 -0.21934
304  889 109 982 198  -30 -0.32850
305  889 109 978 198  -30 -0.02817
306  883 110 974 206  -30 0.04432
307  883 110 974 200  -30 0.03668
308  878 110 968 206  0 0.06556
309  872 110 968 222  0 0.08587
310  872 110 963 227  0 0.03434
311  872 110 963 200  -30 0.05914
312  872 110 963 200  -30 0.01794
313  878 110 968 200  -30 -0.00257
314  883 110 968 206  -30 -0.06661
315  888 110 974 206  -30 0.03215
316  888 110 974 200  -30 -0.09104
317  894 110 979 200  -30 -0.21544
318  899 110 979 200  -30 -0.18375
319  899 110 979 200  -30 -0.22604
320  899 110 984 200  -30 -0.22485
321  899 110 984 200  -30 -0.23924
322  908 109 987 193  -30 -0.30050
323  913 109 992 198  -30 -0.28409
324  917 109 1001 198  -45 -0.28641
325  926 104 1011 200  -30 -0.27054
326  926 110 1016 206  -15 -0.17968
327  926 110 1022 206  -15 -0.09151
328  926 110 1027 200  -15 -0.00621
329  942 110 1032 200  -30 -0.01117
330  942 110 1032 200  -30 -0.02188
331  942 110 1038 200  -30 -0.03100
332  942 115 1038 200  -15 -0.01331
333  945 109 1038 202  0 -0.08152
334  936 109 1033 202  0 -0.02230
335  936 115 1038 206  -15 -0.08451
336  936 109 1033 202  0 -0.11335
337  936 110 1032 200  -30 -0.14004
338  931 109 1029 207  0 -0.05302
339  931 110 1027 211  0 -0.13404
340  931 110 1027 211  0 -0.15562
341  926 115 1022 211  0 -0.31399
342  926 110 1022 211  0 -0.31056
343  922 109 1015 212  15 -0.24182
344  917 109 1010 207  0 -0.21134
345  910 110 1006 200  -15 -0.22193
346  908 105 1001 198  0 -0.07945
347  894 105 996 198  0 -0.11918
348  894 100 987 198  0 -0.27345
349  889 105 982 198  0 -0.20788
350  885 105 978 198  0 -0.17021
351  883 104 974 195  0 -0.24041
352  876 109 973 198  0 -0.17015
353  885 109 968 193  -30 -0.23117
354  866 109 964 216  0 -0.16071
355  866 114 959 216  0 -0.18494
356  862 114 954 221  0 -0.20952
357  857 109 950 202  0 -0.15593
358  848 119 945 207  0 -0.12568
359  843 119 941 207  0 -0.20011
360  843 119 936 212  0 -0.22460
361  838 119 931 207  0 -0.18915
362  834 119 931 207  0 -0.13417
363  834 119 927 207  0 -0.00383
364  834 119 927 207  0 0.01268
365  834 114 931 207  0 -0.06937
366  838 114 931 202  0 -0.16638
367  843 114 936 207  0 -0.09306
368  848 109 936 202  0 -0.11915
369  852 114 941 202  0 -0.07231
370  857 114 945 207  0 -0.10472
371  862 114 950 207  0 -0.11457
372  862 114 950 207  0 -0.12875
373  866 114 954 207  0 -0.07542
374  867 110 958 206  0 -0.08078
375  866 114 959 207  0 -0.04690
376  871 119 959 207  0 0.02982
377  871 119 964 207  0 -0.03312
378  871 119 964 207  0 -0.07356
379  876 119 964 207  0 0.03044
380  876 119 964 207  0 0.03523
381  876 119 964 212  0 -0.09913
382  871 119 964 212  0 -0.00976
383  878 120 963 232  0 -0.15734
384  880 109 964 207  -15 -0.28246

# id: 2
# avgscore: -0.344773
# length: 114
247  371 163 472 302  0 -0.43133
248  371 163 472 296  0 -0.38324
249  371 163 478 270  0 -0.38199
250  365 169 475 310  0 -0.42125
251  376 174 478 280  0 -0.44512
252  371 175 481 291  0 -0.47144
253  371 193 481 297  0 -0.43021
254  376 200 483 302  0 -0.50689
255  383 207 486 304  0 -0.45754
256  376 211 488 307  0 -0.46231
257  376 211 488 307  0 -0.44951
258  382 211 488 307  0 -0.35978
259  382 211 488 307  0 -0.43334
260  382 211 488 307  0 -0.45099
261  383 207 486 304  0 -0.48442
262  376 200 488 302  0 -0.46061
263  376 195 483 302  0 -0.38669
264  377 181 487 304  0 -0.35906
265  376 184 483 296  0 -0.35343
266  376 179 483 302  0 -0.33874
267  389 175 487 297  -30 -0.18538
268  382 174 483 286  0 -0.25075
269  376 174 483 286  0 -0.20868
270  376 168 478 286  0 -0.22419
271  376 168 478 280  0 -0.21236
272  371 169 481 279  0 -0.20337
273  371 168 472 280  0 -0.13647
274  366 168 472 280  0 -0.16910
275  366 168 467 280  0 -0.11480
276  366 168 467 280  0 -0.12914
277  360 168 467 280  0 -0.15569
278  360 168 462 280  0 -0.06542
279  355 168 462 280  0 -0.12774
280  355 168 456 280  0 -0.16591
281  350 168 456 280  0 -0.17637
282  350 168 451 280  0 -0.21171
283  344 168 451 280  0 -0.25023
284  344 168 446 286  0 -0.17204
285  339 168 446 286  0 -0.21863
286  340 163 444 285  0 -0.19405
287  334 168 440 280  0 -0.22170
288  334 168 440 280  0 -0.17104
289  334 168 435 280  0 -0.16943
290  334 168 435 280  0 -0.27795
291  328 163 435 280  0 -0.14828
292  322 163 432 279  0 -0.12115
293  316 163 426 279  0 -0.11332
294  318 163 419 275  0 -0.05881
295  312 163 414 275  0 -0.04929
296  307 163 419 275  0 -0.05569
297  307 163 414 275  0 -0.10210
298  307 163 408 275  0 -0.07781
299  302 163 408 270  0 -0.05076
300  304 157 408 273  0 -0.17705
301  299 159 447 328  0 -0.16168
302  306 159 447 328  0 -0.40538
303  310 163 432 273  30 -0.27947
304  337 161 434 267  45 -0.28014
305  369 164 440 232  45 -0.38431
306  360 168 440 270  60 -0.47648
307  355 168 446 270  60 -0.28601
308  360 168 451 275  90 -0.25160
309  366 174 456 275  90 -0.35238
310  374 188 458 272  90 -0.29204
311  382 174 462 275  90 -0.25455
312  382 174 462 275  90 -0.30237
313  390 188 463 273  90 -0.35653
314  371 174 467 275  90 -0.24993
315  393 188 467 277  90 -0.25419
316  398 188 471 273  75 -0.32595
317  388 184 476 272  90 -0.19483
318  397 170 476 272  90 -0.27535
319  387 168 478 275  90 -0.35024
320  371 190 478 270  60 -0.53779
321  366 163 472 270  45 -0.53793
323  360 158 478 275  15 -0.48612
324  360 158 478 275  0 -0.43196
325  355 174 472 275  0 -0.57536
326  355 179 467 275  0 -0.54259
327  359 150 469 279  0 -0.48627
328  359 150 469 279  0 -0.45187
329  360 168 467 275  0 -0.37999
330  353 150 463 304  0 -0.43438
331  371 163 463 291  -30 -0.39474
332  371 163 469 291  -30 -0.43703
333  371 150 463 291  -30 -0.39777
334  366 152 467 302  0 -0.44404
335  365 157 463 297  -30 -0.46263
336  365 163 463 304  -30 -0.49378
337  355 174 456 307  -15 -0.47036
338  355 179 451 318  0 -0.48696
339  350 184 451 312  -15 -0.54931
340  350 184 446 312  -15 -0.59150
341  346 188 444 304  0 -0.56612
342  346 179 444 304  -15 -0.59047
343  344 179 446 302  -15 -0.56852
352  390 241 467 334  45 -0.57043
353  398 243 483 344  45 -0.52678
354  402 199 512 310  -30 -0.51305
365  481 230 585 340  -30 -0.59012
366  481 230 592 340  -30 -0.46124
367  494 230 598 340  -30 -0.45326
368  500 230 610 340  -30 -0.35726
369  515 232 622 339  -30 -0.47620
370  518 230 634 340  -15 -0.58622
371  539 229 701 370  -30 -0.59114
375  610 218 720 328  -15 -0.47221
376  625 212 718 323  -15 -0.44352
377  647 206 763 322  -15 -0.39458
378  647 206 763 316  0 -0.35324
379  675 200 776 312  0 -0.35316
381  696 190 792 307  0 -0.43792
382  707 184 803 302  0 -0.45432
384  712 179 814 296  0 -0.38423

# id: 3
# avgscore: -0.580658
# length: 6
248  119 655 167 708  90 -0.58359
260  91 583 179 690  0 -0.58105
264  91 583 184 681  0 -0.59628
265  46 561 193 683  45 -0.59546
266  91 583 193 676  0 -0.57057
272  132 615 186 668  -45 -0.55700

# id: 4
# avgscore: -0.544167
# length: 23
249  570 407 626 447  30 -0.59823
250  572 404 628 450  30 -0.56183
252  572 407 631 447  30 -0.55965
264  558 375 632 452  15 -0.56836
271  559 407 623 452  30 -0.59252
272  562 410 620 452  30 -0.58261
273  559 407 620 452  30 -0.59294
328  519 379 590 452  30 -0.57353
329  529 394 593 455  15 -0.55002
330  526 393 590 452  30 -0.46831
331  538 391 588 447  0 -0.52190
335  543 386 599 447  0 -0.50744
336  543 386 599 450  0 -0.50892
337  535 388 586 450  0 -0.56971
338  535 388 586 450  15 -0.58428
340  538 386 594 447  0 -0.55285
342  543 383 607 444  0 -0.52032
344  544 382 611 446  0 -0.48875
352  618 394 668 458  0 -0.46245
354  639 396 692 460  0 -0.55343
356  666 404 724 468  0 -0.55776
357  682 431 740 486  90 -0.58077
373  800 420 898 506  -60 -0.45925

# id: 5
# avgscore: -0.502120
# length: 1
250  1194 370 1223 412  -90 -0.50212

# id: 6
# avgscore: -0.587085
# length: 2
254  106 495 156 559  15 -0.59641
334  52 500 100 575  0 -0.57776

# id: 7
# avgscore: -0.594240
# length: 2
261  23 468 68 527  0 -0.59026
269  15 471 68 524  0 -0.59822

# id: 8
# avgscore: -0.539740
# length: 2
272  594 466 663 524  -15 -0.53148
303  547 464 608 529  -15 -0.54800

# id: 9
# avgscore: -0.598210
# length: 1
274  31 596 82 647  0 -0.59821

# id: 10
# avgscore: -0.514670
# length: 1
281  18 548 71 604  -45 -0.51467

# id: 11
# avgscore: -0.567210
# length: 3
294  626 380 660 439  90 -0.55629
296  611 379 664 440  90 -0.55404
324  623 380 660 439  90 -0.59130

# id: 12
# avgscore: -0.580710
# length: 1
311  317 250 385 311  45 -0.58071

# id: 13
# avgscore: -0.595680
# length: 1
320  500 354 543 399  -30 -0.59568

# id: 14
# avgscore: -0.458270
# length: 1
331  26 363 69 422  -90 -0.45827

# id: 15
# avgscore: -0.549100
# length: 1
335  1228 439 1276 487  90 -0.54910

# id: 16
# avgscore: -0.532220
# length: 1
339  1223 439 1271 487  90 -0.53222

# id: 17
# avgscore: -0.595890
# length: 2
348  47 356 103 415  -45 -0.59496
357  34 350 101 421  -45 -0.59682

# id: 18
# avgscore: -0.581220
# length: 2
361  698 410 759 452  45 -0.56786
363  700 407 764 450  45 -0.59458

# id: 19
# avgscore: -0.570580
# length: 3
362  746 455 799 506  45 -0.56485
363  746 452 796 500  45 -0.56974
366  770 455 810 503  30 -0.57715

# id: 20
# avgscore: -0.590090
# length: 1
368  735 364 796 418  0 -0.59009

# id: 21
# avgscore: -0.498310
# length: 1
369  732 411 797 495  -90 -0.49831

# id: 22
# avgscore: -0.377165
# length: 2
380  724 191 786 250  -30 -0.42031
383  746 180 810 236  -30 -0.33402

# id: 23
# avgscore: -0.502230
# length: 1
380  894 457 1055 643  0 -0.50223
