# format: <frame> <x1> <y1> <x2> <y2> <pose> <score>
#
# id: 1
# avgscore: -0.111461
# length: 17
1  482 159 609 285  0 -0.10009
2  482 159 609 285  0 -0.08979
3  481 159 604 285  15 -0.08494
4  481 157 604 285  0 -0.04430
5  481 152 604 285  15 -0.04990
6  475 145 602 278  0 -0.04254
7  475 145 602 278  0 0.05248
8  468 145 595 278  0 0.02872
9  469 138 592 273  0 0.09649
10  469 138 592 273  15 0.13550
11  469 144 592 279  0 0.01230
12  475 152 602 285  0 -0.11270
13  475 159 602 285  0 -0.18660
14  482 159 609 285  0 -0.29451
15  482 161 609 287  15 -0.32942
16  466 166 614 288  45 -0.39691
17  463 169 616 285  45 -0.48863

# id: 2
# avgscore: -0.494037
# length: 28
4  83 520 190 638  0 -0.54443
5  81 520 188 638  0 -0.56786
6  70 524 160 622  15 -0.58124
7  70 524 160 622  15 -2.00000
8  71 525 170 625  15 -2.00000
9  78 526 185 632  15 -0.53952
15  78 526 185 632  0 -0.56539
16  60 523 149 625  30 -0.57629
17  61 524 148 624  30 -2.00000
18  64 525 149 623  30 -2.00000
19  69 526 150 621  15 -0.58931
20  69 526 150 621  0 -0.47101
21  72 527 153 622  30 -0.55076
22  63 523 147 625  0 -0.40793
23  76 523 160 625  30 -0.48654
24  72 523 165 625  15 -0.43491
25  72 523 165 625  0 -0.46423
26  72 522 165 624  0 -0.40165
27  78 523 159 625  15 -0.45074
28  71 526 152 627  0 -0.42237
29  74 532 167 621  30 -0.45786
30  56 526 149 627  0 -0.54935
31  58 523 151 625  30 -0.55683
32  60 523 149 625  45 -0.48763
33  63 523 147 625  30 -0.41570
34  69 522 150 623  15 -0.43618
35  71 523 152 621  15 -0.43222
36  75 524 164 621  0 -0.46694
