# format: <frame> <x1> <y1> <x2> <y2> <pose> <score>
#
# id: 1
# avgscore: 0.440522
# length: 76
385  420 150 524 267  30 0.24165
386  420 157 524 273  30 0.21494
387  420 157 518 279  30 0.30433
388  430 163 536 275  0 0.32552
389  430 163 526 270  30 0.35112
390  432 163 543 273  30 0.34138
391  438 169 543 273  30 0.41508
392  444 169 549 279  30 0.35978
393  451 169 555 279  30 0.38486
394  451 163 561 273  30 0.38506
395  457 163 567 279  30 0.35496
396  463 163 573 279  30 0.45546
397  463 163 573 279  30 0.44098
398  468 166 581 278  30 0.37707
399  469 163 579 273  30 0.49918
400  469 157 579 273  30 0.49181
401  469 157 579 273  30 0.43819
402  469 157 579 267  30 0.49824
403  469 157 579 267  30 0.47885
404  454 152 581 271  30 0.46790
405  463 157 573 279  30 0.47184
406  457 163 573 285  30 0.44671
407  454 166 567 285  30 0.49876
408  451 163 561 285  30 0.47071
409  433 166 560 285  30 0.61057
410  440 159 553 285  30 0.54376
411  432 163 549 285  30 0.50115
412  426 163 543 285  30 0.51064
413  426 163 543 279  30 0.47707
414  420 157 536 279  30 0.50322
415  412 152 532 278  30 0.47625
416  414 150 530 273  30 0.48756
417  405 152 525 271  30 0.63384
418  405 145 525 271  30 0.47200
419  405 145 518 271  30 0.54600
420  402 138 518 267  30 0.54328
421  398 138 511 264  30 0.49528
422  398 131 511 257  30 0.50490
423  398 131 511 257  30 0.51064
424  391 123 511 250  30 0.48281
425  391 116 511 250  45 0.38394
426  395 114 506 242  30 0.37882
427  384 109 496 236  45 0.36790
428  384 109 504 229  30 0.30689
429  384 102 504 229  30 0.34604
430  389 114 506 230  45 0.40498
431  391 109 504 236  30 0.39317
432  384 123 511 243  45 0.54043
433  395 120 506 242  30 0.57062
434  395 126 512 242  30 0.59923
435  402 126 512 242  30 0.63045
436  402 126 512 242  30 0.53669
437  408 126 518 242  30 0.49825
438  408 126 518 242  30 0.44563
439  405 123 518 243  45 0.42911
440  408 126 518 248  45 0.41521
441  420 132 530 242  30 0.37777
442  414 132 530 242  30 0.36272
443  426 132 530 248  30 0.32355
444  426 138 536 248  30 0.28335
445  426 138 536 255  30 0.32455
446  430 136 542 254  15 0.34300
447  432 138 543 255  30 0.38041
448  432 138 543 255  30 0.42658
449  432 144 549 267  0 0.40260
450  432 144 549 273  0 0.38895
451  432 144 549 273  0 0.44489
452  432 150 555 273  0 0.33124
453  426 152 546 271  30 0.42627
454  438 150 549 267  30 0.47472
455  438 150 549 267  30 0.51367
456  438 150 549 267  30 0.48588
457  438 150 549 267  30 0.49837
458  438 150 555 267  45 0.45856
459  438 150 555 267  45 0.48250
460  438 150 555 267  45 0.48941

# id: 2
# avgscore: -0.271946
# length: 16
385  912 489 1024 630  0 -0.14468
386  867 494 1020 610  15 -0.17813
387  867 506 1020 616  15 -0.30069
388  910 500 1020 628  0 -0.24855
389  910 500 1020 616  0 -0.27195
390  910 499 1022 590  0 -0.25820
391  910 494 1020 647  0 -0.26785
392  904 494 1020 610  0 -0.27247
393  904 487 1020 616  0 -0.26213
394  904 487 1027 622  0 -0.16005
395  904 487 1027 622  0 -0.27730
396  916 487 1027 628  0 -0.27977
397  905 482 1031 630  0 -0.20024
398  916 494 1027 628  0 -0.20559
399  912 482 1038 630  0 -0.42604
400  916 487 1039 641  0 -0.59749

# id: 3
# avgscore: -0.582675
# length: 2
395  116 252 156 295  -90 -0.58144
413  90 250 135 292  -90 -0.58391

# id: 4
# avgscore: -0.530810
# length: 3
398  991 308 1040 376  45 -0.48597
399  983 314 1034 372  45 -0.55404
400  967 311 1022 369  45 -0.55242

# id: 5
# avgscore: -0.548920
# length: 1
399  713 333 765 382  90 -0.54892

# id: 6
# avgscore: -0.587430
# length: 1
402  713 330 762 382  75 -0.58743

# id: 7
# avgscore: -0.579110
# length: 2
413  593 550 651 608  0 -0.58108
425  580 548 634 596  90 -0.57714

# id: 8
# avgscore: -0.587380
# length: 1
424  161 509 221 588  90 -0.58738

# id: 9
# avgscore: -0.590440
# length: 1
432  319 495 364 559  0 -0.59044

# id: 10
# avgscore: -0.530170
# length: 1
455  991 199 1042 250  -30 -0.53017
