# format: <frame> <x1> <y1> <x2> <y2> <pose> <score>
#
# id: 1
# avgscore: -0.422074
# length: 29
188  403 190 515 302  0 -0.47499
189  403 193 515 305  0 -0.41455
190  402 193 518 328  0 -0.47843
191  402 193 518 328  0 -0.50744
192  401 190 517 302  0 -0.46681
193  403 190 515 302  0 -0.47824
194  403 190 515 302  0 -0.47384
195  403 190 515 302  0 -0.52021
196  403 190 515 302  0 -0.49259
197  403 193 515 300  0 -0.48976
198  405 194 512 300  0 -0.46353
199  403 190 510 296  0 -0.50650
200  403 184 510 296  0 -0.44589
201  398 184 504 296  0 -0.44154
202  396 184 502 291  0 -0.41121
203  392 184 499 291  0 -0.37777
204  387 179 494 291  0 -0.29897
205  387 179 488 291  0 -0.37700
206  382 177 483 289  0 -0.30162
207  379 177 481 284  0 -0.36377
208  376 174 478 286  0 -0.27907
209  374 171 476 283  0 -0.35887
210  374 171 475 299  0 -0.32899
211  371 168 472 302  0 -0.43839
212  371 168 472 302  0 -0.39815
213  371 168 472 302  0 -0.38099
214  371 174 472 302  0 -0.46772
215  371 174 472 302  0 -0.39914
216  371 174 472 302  0 -0.40417

# id: 2
# avgscore: -0.547026
# length: 20
188  547 379 621 455  15 -0.58619
189  547 382 621 455  15 -0.56617
190  555 383 621 456  0 -0.54792
191  555 383 621 456  0 -0.52046
192  547 382 621 455  15 -0.55004
193  541 382 621 455  15 -0.56320
194  544 382 621 455  15 -0.53033
195  544 382 621 455  15 -2.00000
196  546 382 621 456  15 -2.00000
197  551 382 621 456  0 -0.56783
198  551 382 621 456  0 -2.00000
199  551 382 621 456  0 -0.57036
200  551 383 621 457  0 -2.00000
201  551 384 621 458  0 -2.00000
202  551 384 621 458  0 -2.00000
203  551 385 621 459  0 -0.49455
204  547 385 621 459  15 -0.53274
205  547 382 621 460  0 -0.51340
206  547 382 621 460  0 -0.52293
207  547 382 621 460  0 -0.59224

# id: 4
# avgscore: -0.073072
# length: 22
195  843 144 924 225  45 -0.46868
196  823 142 920 226  45 -0.13424
197  823 142 920 226  45 -0.21500
198  834 142 917 226  30 -0.11952
199  834 142 917 230  30 -0.26642
200  834 142 917 230  30 -0.19713
201  832 142 915 230  30 0.03838
202  832 146 916 231  30 -0.10418
203  835 148 920 233  15 -0.09391
204  835 148 920 233  15 -0.15269
205  836 147 920 235  0 -0.17042
206  836 145 920 233  15 -0.17338
207  834 140 917 233  0 -0.12059
208  834 137 917 230  0 -0.16751
209  834 135 917 228  0 -0.10157
210  834 133 922 226  0 -0.03565
211  834 135 922 224  0 0.01992
212  838 131 922 224  0 0.07594
213  838 128 922 221  0 0.00216
214  841 128 925 221  0 0.19178
215  843 128 927 221  0 0.30400
216  843 128 927 221  0 0.28112
