# format: <frame> <x1> <y1> <x2> <y2> <pose> <score>
#
# id: 1
# avgscore: -0.052124
# length: 55
931  843 123 927 212  0 -0.14911
932  843 123 927 212  0 -0.15107
933  843 123 931 212  -30 -0.16672
934  843 123 931 212  -30 -0.13133
935  843 123 931 212  -30 -0.17291
936  843 123 936 212  -30 -0.08326
937  841 123 939 212  -30 -0.09185
938  838 123 936 212  -30 -0.07780
939  838 123 936 207  -30 -0.00407
940  838 123 936 207  -30 -0.02831
941  838 123 922 212  0 0.00657
942  838 123 922 212  -30 -0.03998
943  836 125 924 210  -30 -0.07583
944  835 126 926 211  -30 -0.04275
945  830 123 926 207  -30 -0.07693
946  827 126 923 211  0 -0.04327
947  828 123 918 207  -30 -0.06649
948  831 123 919 207  -30 -0.10846
949  834 123 917 207  -30 -0.10316
950  834 123 917 207  -30 -0.07212
951  806 123 908 212  0 -0.03153
952  806 123 908 212  0 -0.05045
953  829 126 927 215  -30 -0.06630
954  830 126 926 216  -30 -0.01418
955  830 126 926 216  -30 0.00396
956  830 126 926 216  -30 -0.03313
957  830 126 926 216  -30 0.05462
958  830 126 926 216  -30 0.07055
959  830 128 926 216  0 -0.06536
960  822 131 924 216  -30 -0.05836
961  824 131 921 216  -30 -0.12718
962  806 128 903 216  0 -0.12030
963  806 128 903 216  0 -0.08885
964  806 128 903 216  0 -0.08154
965  822 130 924 218  -30 -0.07698
966  819 130 926 218  -30 -0.05939
967  809 133 911 221  0 -0.09211
968  811 130 908 218  0 -0.09031
969  830 130 926 218  -30 -0.03638
970  832 128 925 216  -30 -0.13234
971  829 128 922 216  -30 -0.04658
972  806 128 908 216  0 -0.04502
973  806 128 908 216  0 -0.07140
974  806 128 908 216  0 -0.02820
975  806 128 908 216  0 -0.01901
976  827 128 915 216  0 0.01542
977  834 127 922 217  -30 -0.02004
978  833 126 924 216  -30 -0.03416
979  833 126 929 216  -30 -0.05412
980  833 126 929 216  -30 0.01705
981  835 126 931 216  -30 0.02028
982  835 126 931 216  -30 0.05870
983  835 126 931 216  -30 0.04445
984  835 129 931 219  -30 0.04038
985  829 128 913 221  0 0.02984

# id: 2
# avgscore: -0.344581
# length: 49
931  475 199 579 310  0 -0.44459
932  475 199 579 310  0 -0.39930
933  475 199 579 310  0 -0.35883
934  475 199 579 310  0 -0.34017
935  472 187 576 310  0 -0.25362
936  475 187 573 310  0 -0.25745
937  475 187 573 310  0 -0.20829
938  478 195 579 307  -15 -0.10377
939  478 195 579 307  -15 -0.07711
940  472 193 582 310  0 -0.10400
941  469 193 585 310  0 -0.15559
942  469 193 585 310  0 -0.15976
943  469 193 585 310  0 -0.20407
944  469 193 585 310  0 -0.23837
945  469 193 585 310  0 -0.20204
946  469 193 585 310  0 -0.24008
947  469 193 585 310  0 -0.24797
948  469 193 585 310  0 -0.26675
949  469 193 585 310  0 -0.25486
950  469 193 585 310  0 -0.20954
951  469 193 585 310  0 -0.18353
952  469 193 585 310  0 -0.11764
953  472 193 588 310  0 -0.05948
954  478 193 589 310  0 -0.19665
955  481 187 592 310  0 -0.08457
956  481 187 592 310  0 -0.22453
957  484 187 595 310  0 -0.27660
958  491 190 603 302  0 -0.42887
965  494 190 606 302  45 -0.59720
966  515 195 627 296  60 -0.53336
967  510 195 622 296  45 -0.58248
968  510 190 622 291  45 -0.59710
969  508 188 622 292  45 -2.00000
970  506 186 622 293  45 -2.00000
971  504 185 622 295  45 -2.00000
972  501 181 621 297  0 -0.50817
973  500 180 621 299  0 -2.00000
974  500 178 619 301  0 -2.00000
975  499 175 618 304  0 -0.58757
976  494 178 610 307  0 -0.53202
977  487 181 616 310  15 -0.54631
978  487 181 616 310  0 -0.51773
979  487 181 616 310  0 -0.56103
980  487 181 616 310  0 -0.50399
981  487 181 616 310  0 -0.56980
982  487 181 616 310  0 -0.57807
983  497 202 604 304  15 -0.55534
984  497 202 604 304  15 -0.54861
985  500 181 622 310  0 -0.54475

# id: 3
# avgscore: -0.547810
# length: 41
931  44 305 118 375  0 -0.58190
932  46 301 119 373  0 -2.00000
933  51 295 122 367  0 -0.55962
934  51 294 122 368  0 -0.59639
935  46 294 113 368  0 -0.58609
936  46 294 113 368  0 -2.00000
937  46 295 112 367  0 -0.59601
938  50 299 108 369  0 -0.54306
939  39 299 106 369  0 -0.57140
940  33 300 98 371  0 -0.50012
941  28 302 96 373  0 -0.45952
942  29 302 94 373  0 -0.38939
943  31 307 84 369  -30 -0.49985
944  31 307 84 369  -30 -2.00000
945  14 308 78 381  0 -0.57362
946  13 308 77 381  0 -2.00000
947  12 309 74 381  0 -0.56791
948  12 312 74 380  0 -2.00000
949  12 315 74 376  0 -0.57642
950  26 319 76 367  -30 -0.54222
951  26 319 76 367  -30 -0.56612
952  26 312 76 368  -30 -0.54409
953  21 309 78 370  -30 -2.00000
954  20 311 79 382  0 -0.50546
955  12 311 82 383  0 -0.53362
956  15 311 79 383  0 -0.55928
957  15 311 79 383  0 -0.51168
958  27 313 77 373  -30 -0.55503
959  27 313 77 373  -30 -2.00000
960  23 314 76 375  -30 -2.00000
961  18 316 74 378  -30 -2.00000
962  13 318 71 380  0 -0.58964
963  13 318 71 380  0 -2.00000
964  15 316 71 378  0 -2.00000
965  18 315 71 375  0 -2.00000
966  21 314 71 372  0 -2.00000
967  21 314 71 372  -30 -0.57599
974  12 314 73 385  0 -0.53279
975  12 315 73 386  0 -0.58881
976  13 317 73 385  0 -2.00000
977  18 322 74 386  0 -0.58484

# id: 5
# avgscore: -0.531911
# length: 25
944  447 356 546 489  -90 -0.50957
945  447 356 546 489  -90 -0.50318
946  447 356 546 489  -90 -0.55956
947  447 349 546 489  -90 -0.56226
948  447 349 546 489  -90 -0.41892
949  447 356 546 489  -90 -0.52206
950  451 356 549 489  -90 -0.50428
951  451 340 549 487  -90 -0.57773
957  451 340 549 487  -90 -0.58537
958  447 342 553 489  -90 -0.50654
959  447 342 553 489  -90 -0.55599
960  440 346 546 487  -90 -0.49466
961  440 349 546 489  -90 -0.54489
962  440 349 546 489  -90 -0.54299
963  440 349 546 489  -90 -0.50215
964  440 349 546 489  -90 -0.50943
965  441 348 549 488  -90 -2.00000
966  443 346 550 487  -75 -0.49228
967  444 346 549 487  -75 -0.53167
968  444 344 549 489  -90 -0.50364
969  447 342 546 489  -90 -0.53825
970  447 342 546 489  -90 -0.58140
971  447 342 546 489  -90 -0.57092
972  447 349 546 489  -90 -0.59664
973  447 349 546 489  -90 -0.55149
