# format: <frame> <x1> <y1> <x2> <y2> <pose> <score>
#
# id: 1
# avgscore: -0.052124
# length: 55
931  843 123 927 212  0 -0.14911
932  843 123 927 212  0 -0.15107
933  846 126 936 211  -30 -0.16672
934  843 123 931 212  -30 -0.13133
935  843 123 931 212  -30 -0.17291
936  843 123 941 212  -30 -0.08326
937  843 123 936 212  -30 -0.09185
938  838 123 936 212  -30 -0.07780
939  838 123 936 207  -30 -0.00407
940  838 123 936 207  -30 -0.02831
941  838 123 922 212  0 0.00657
942  838 123 922 212  -30 -0.03998
943  835 126 926 211  -30 -0.07583
944  834 123 922 207  -30 -0.04275
945  835 126 931 211  -30 -0.07693
946  806 123 917 207  0 -0.04327
947  830 126 920 211  -30 -0.06649
948  829 123 917 207  -30 -0.10846
949  834 123 917 207  -30 -0.10316
950  834 123 917 207  -30 -0.07212
951  806 123 908 212  0 -0.03153
952  801 123 908 212  0 -0.05045
953  829 128 927 212  -30 -0.06630
954  830 126 926 216  -30 -0.01418
955  830 126 926 216  -30 0.00396
956  824 126 926 216  -30 -0.03313
957  830 126 926 216  -30 0.05462
958  830 126 926 216  -30 0.07055
959  806 128 908 216  0 -0.06536
960  830 131 926 216  -30 -0.05836
961  819 131 926 216  -30 -0.12718
962  806 128 903 216  0 -0.12030
963  806 128 903 216  0 -0.08885
964  806 128 903 216  0 -0.08154
965  819 131 926 216  -30 -0.07698
966  824 131 926 222  -30 -0.05939
967  801 128 908 216  0 -0.09211
968  811 133 908 221  0 -0.09031
969  830 131 926 216  -30 -0.03638
970  834 128 922 216  -30 -0.13234
971  829 128 922 216  -30 -0.04658
972  806 128 908 216  0 -0.04502
973  806 128 908 216  0 -0.07140
974  806 128 908 216  0 -0.02820
975  806 128 908 216  0 -0.01901
976  829 128 913 221  0 0.01542
977  834 128 922 216  -30 -0.02004
978  830 126 926 216  -30 -0.03416
979  835 126 926 216  -30 -0.05412
980  835 126 931 216  -30 0.01705
981  830 126 931 216  -30 0.02028
982  835 126 931 216  -30 0.05870
983  835 126 931 216  -30 0.04445
984  835 131 931 216  -30 0.04038
985  829 128 913 221  0 0.02984

# id: 2
# avgscore: -0.344581
# length: 44
931  475 199 579 310  0 -0.44459
932  475 199 579 310  0 -0.39930
933  475 199 579 310  0 -0.35883
934  461 166 567 306  0 -0.34017
935  475 199 579 310  0 -0.25362
936  475 187 573 310  0 -0.25745
937  475 187 573 310  0 -0.20829
938  478 195 579 307  -15 -0.10377
939  478 195 579 307  -15 -0.07711
940  469 193 585 310  0 -0.10400
941  469 193 579 310  0 -0.15559
942  469 193 585 310  0 -0.15976
943  469 193 585 310  0 -0.20407
944  469 193 585 310  0 -0.23837
945  469 193 585 310  0 -0.20204
946  469 193 585 310  0 -0.24008
947  469 193 585 310  0 -0.24797
948  469 193 585 310  0 -0.26675
949  469 193 585 310  0 -0.25486
950  469 193 585 310  0 -0.20954
951  469 193 585 310  0 -0.18353
952  469 193 585 310  0 -0.11764
953  475 193 585 310  0 -0.05948
954  475 193 592 310  0 -0.19665
955  481 187 592 310  0 -0.08457
956  481 187 592 310  0 -0.22453
957  483 184 595 312  0 -0.27660
958  494 190 600 302  0 -0.42887
965  515 195 627 291  45 -0.59720
966  475 187 624 326  60 -0.53336
967  515 195 627 296  45 -0.58248
968  510 190 622 291  45 -0.59710
972  500 181 622 297  0 -0.50817
975  500 175 616 304  0 -0.58757
976  487 175 616 310  0 -0.53202
977  495 202 597 300  15 -0.54631
978  487 181 616 310  0 -0.51773
979  487 181 616 310  0 -0.56103
980  487 181 616 310  0 -0.50399
981  487 181 616 310  0 -0.56980
982  487 181 622 310  0 -0.57807
983  495 202 602 304  15 -0.55534
984  499 202 602 304  15 -0.54861
985  500 181 622 310  0 -0.54475

# id: 3
# avgscore: -0.547810
# length: 27
931  44 305 118 375  0 -0.58190
933  51 294 122 368  0 -0.55962
934  54 296 118 366  0 -0.59639
935  44 294 115 368  0 -0.58609
937  50 295 108 367  0 -0.59601
938  39 299 106 369  0 -0.54306
939  55 300 106 367  0 -0.57140
940  30 298 101 372  0 -0.50012
941  29 302 94 373  0 -0.45952
942  20 305 88 376  0 -0.38939
943  39 306 87 362  -30 -0.49985
945  14 308 78 382  0 -0.57362
947  12 308 74 380  0 -0.56791
949  12 319 74 380  0 -0.57642
950  26 319 76 367  -30 -0.54222
951  28 319 76 367  -30 -0.56612
952  26 308 76 364  -30 -0.54409
954  11 311 82 382  0 -0.50546
955  20 311 79 383  0 -0.53362
956  12 311 82 383  0 -0.55928
957  15 311 79 383  0 -0.51168
958  31 311 79 370  -30 -0.55503
962  10 319 71 383  0 -0.58964
967  26 311 71 367  -30 -0.57599
974  10 314 74 386  0 -0.53279
975  11 314 72 385  0 -0.58881
977  18 322 74 386  0 -0.58484

# id: 4
# avgscore: -0.547727
# length: 4
940  396 319 463 379  45 -0.55269
955  391 327 461 382  45 -0.54734
974  394 324 461 385  45 -0.53343
976  394 317 461 382  45 -0.55745

# id: 5
# avgscore: -0.531911
# length: 24
944  447 356 546 489  -90 -0.50957
945  447 356 546 489  -90 -0.50318
946  447 356 546 489  -90 -0.55956
947  447 349 546 489  -90 -0.56226
948  447 349 546 489  -90 -0.41892
949  451 359 549 487  -90 -0.52206
950  447 356 546 489  -90 -0.50428
951  451 340 549 487  -90 -0.57773
957  451 340 549 487  -90 -0.58537
958  447 342 553 489  -90 -0.50654
959  444 346 555 487  -90 -0.55599
960  440 342 546 489  -90 -0.49466
961  440 349 546 489  -90 -0.54489
962  440 349 546 489  -90 -0.54299
963  440 349 546 489  -90 -0.50215
964  440 349 546 489  -90 -0.50943
966  444 346 555 487  -75 -0.49228
967  444 346 549 487  -75 -0.53167
968  441 344 546 489  -90 -0.50364
969  447 342 546 489  -90 -0.53825
970  447 342 546 489  -90 -0.58140
971  447 342 546 489  -90 -0.57092
972  447 349 546 489  -90 -0.59664
973  447 349 546 489  -90 -0.55149

# id: 6
# avgscore: -0.583820
# length: 1
946  764 412 807 463  -90 -0.58382

# id: 7
# avgscore: -0.593010
# length: 1
962  15 412 60 463  -60 -0.59301

# id: 8
# avgscore: -0.597300
# length: 1
972  90 642 124 679  -60 -0.59730
