# format: <frame> <x1> <y1> <x2> <y2> <pose> <score>
#
# id: 1
# avgscore: 0.541136
# length: 39
516  438 150 555 267  30 0.65341
517  438 150 555 267  30 0.64466
518  438 150 555 267  30 0.66335
519  444 150 555 267  30 0.68660
520  444 150 555 267  30 0.63447
521  444 150 555 267  30 0.59931
522  444 150 555 261  30 0.58789
523  444 150 555 261  30 0.52684
524  444 150 555 261  30 0.60273
525  444 150 561 261  30 0.55202
526  444 150 561 261  30 0.60951
527  444 150 561 261  30 0.56684
528  444 150 561 261  30 0.57743
529  444 152 561 264  15 0.55546
530  446 150 558 267  45 0.61620
531  444 150 555 267  30 0.64421
532  444 150 555 267  30 0.51781
533  444 150 555 267  30 0.57231
534  444 150 555 267  30 0.57139
535  444 150 555 267  30 0.54219
536  444 157 555 267  30 0.52457
537  444 157 555 267  30 0.58655
538  444 157 543 267  15 0.50036
539  446 156 558 268  30 0.45288
540  444 157 543 267  15 0.46452
541  444 158 555 270  30 0.40504
542  444 157 555 273  30 0.41226
543  444 157 555 273  30 0.46485
544  444 157 555 273  30 0.45404
545  444 157 555 273  30 0.46271
546  438 157 555 273  30 0.47447
547  438 157 555 273  30 0.49917
548  438 157 555 273  30 0.45998
549  438 157 555 273  30 0.52144
550  438 157 555 273  30 0.46517
551  438 157 555 273  15 0.51070
552  438 157 555 273  30 0.49990
553  438 157 555 273  30 0.49349
554  444 157 555 273  30 0.52758
