# format: <frame> <x1> <y1> <x2> <y2> <pose> <score>
#
# id: 1
# avgscore: -0.220468
# length: 42
555  576 136 653 221  0 -0.08997
556  576 136 653 221  0 -0.14797
557  576 136 653 221  0 -0.12825
558  572 136 653 221  0 -0.14501
559  572 136 653 221  0 -0.07993
560  568 136 649 213  0 -0.12138
561  568 136 649 213  0 -0.05518
562  568 136 649 213  0 0.00336
563  568 136 649 213  0 -0.06437
564  568 136 649 217  0 -0.10065
565  568 136 649 217  0 -0.17917
566  568 140 649 221  0 -0.23966
567  566 140 647 221  0 -0.31920
568  568 140 645 221  15 -0.33764
569  568 140 645 214  0 -0.31319
570  568 140 645 213  0 -0.28029
571  568 140 645 213  0 -0.25964
572  568 140 645 213  0 -0.31212
573  568 140 645 213  0 -0.37908
574  568 140 645 217  0 -0.26442
575  568 140 645 213  0 -0.15847
576  568 140 645 213  0 -0.19696
577  568 140 645 213  0 -0.20456
578  568 140 645 217  0 -0.25698
579  568 140 645 217  0 -0.24815
580  568 140 649 217  0 -0.20193
581  568 140 649 217  0 -0.15629
582  568 140 649 217  0 -0.12005
583  568 140 649 217  0 -0.24715
584  568 140 649 217  0 -0.21432
585  572 140 649 221  0 -0.25268
586  572 140 649 221  0 -0.29318
587  572 140 653 221  0 -0.28864
588  572 140 653 221  0 -0.24763
589  572 140 653 217  0 -0.16599
590  572 140 653 217  0 -0.26096
591  572 140 653 217  0 -0.30004
592  572 140 653 217  0 -0.27929
593  572 140 653 217  0 -0.23521
594  571 142 655 216  -15 -0.36826
595  571 142 655 216  30 -0.35219
596  572 140 653 217  0 -0.39698

# id: 2
# avgscore: -0.378031
# length: 42
555  708 163 818 285  -30 -0.36734
556  708 169 818 285  -30 -0.33887
557  708 169 818 285  -45 -0.40813
558  708 169 812 285  -45 -0.43380
559  708 169 818 285  -45 -0.49124
560  708 166 812 288  -30 -0.41096
561  708 166 812 288  -45 -0.44992
562  708 163 812 291  -45 -0.39168
563  708 163 812 291  -45 -0.34377
564  707 163 814 291  -30 -0.29750
565  707 166 814 289  -30 -0.36306
566  708 169 812 291  -45 -0.40938
567  708 169 812 291  -45 -0.31724
568  708 169 812 291  -45 -0.25779
569  708 163 812 291  -30 -0.31136
570  708 163 812 291  -30 -0.34238
571  708 163 812 291  -30 -0.37719
572  708 169 812 291  -45 -0.30940
573  708 169 812 291  -45 -0.26202
574  708 169 812 291  -30 -0.36158
575  705 169 809 291  -45 -0.30630
576  702 169 806 291  -45 -0.36446
577  702 169 806 291  -45 -0.32916
578  702 169 806 291  -45 -0.31918
579  702 169 806 291  -45 -0.31565
580  702 169 806 291  -45 -0.30579
581  702 169 806 291  -45 -0.35022
582  702 169 806 291  -45 -0.34650
583  702 169 808 291  -45 -0.26400
584  702 169 812 291  -45 -0.31171
585  702 169 812 291  -30 -0.35703
586  701 173 813 292  -30 -0.42535
587  702 174 818 293  -30 -0.39821
588  702 175 818 297  0 -0.54998
589  702 175 820 299  0 -2.00000
590  702 175 821 301  0 -2.00000
591  702 177 821 302  0 -0.57956
592  699 178 821 301  0 -0.56140
593  696 175 818 297  0 -0.45194
594  696 175 818 297  0 -0.45344
595  696 175 812 297  0 -0.42962
596  696 175 812 297  0 -0.45711
