# format: <frame> <x1> <y1> <x2> <y2> <pose> <score>
#
# id: 1
# avgscore: -0.148191
# length: 32
899  555 206 659 310  30 -0.06367
900  549 206 659 334  30 -0.12895
901  555 206 677 334  0 -0.09280
902  546 208 658 335  30 -0.11213
903  546 208 658 335  30 -0.06868
904  553 208 665 342  30 -0.13922
905  553 208 665 342  30 -0.04022
906  553 208 665 342  30 -0.12551
907  546 208 665 342  30 -0.14306
908  553 208 686 335  0 -0.16742
909  555 212 683 334  0 -0.14440
910  555 212 683 334  0 -0.11523
911  555 212 683 334  0 -0.14505
912  555 212 683 334  0 -0.15115
913  555 212 683 334  0 -0.09260
914  553 215 665 335  30 -0.09870
915  584 216 686 312  -30 -0.06636
916  553 215 665 335  30 -0.14215
917  558 216 654 312  30 -0.12453
918  553 215 686 342  0 -0.14118
919  543 218 665 340  45 -0.18062
920  543 218 665 340  30 -0.21241
921  584 216 691 312  -30 -0.19187
922  563 216 691 312  0 -0.17925
923  558 216 664 312  30 -0.19382
924  561 212 665 310  30 -0.21706
925  568 211 686 307  0 -0.21902
926  590 216 691 312  -30 -0.25414
927  568 211 691 307  0 -0.14451
928  579 211 691 307  0 -0.18510
929  563 222 670 312  30 -0.23194
930  536 224 671 334  45 -0.22936

# id: 2
# avgscore: -0.386385
# length: 32
899  961 560 1116 705  0 -0.46703
900  961 567 1116 705  0 -0.45651
901  958 562 1128 708  0 -0.42705
902  961 560 1116 705  0 -0.42145
903  961 560 1116 709  0 -0.42638
904  961 560 1116 709  0 -0.40656
905  961 560 1116 709  0 -0.39055
906  961 560 1116 709  0 -0.36897
907  961 560 1116 709  0 -0.36405
908  961 581 1116 709  0 -0.39187
909  961 581 1116 709  0 -0.50689
910  961 581 1123 709  0 -0.50956
911  961 581 1116 709  0 -0.38217
912  961 581 1116 709  0 -0.38187
913  961 560 1116 709  0 -0.39042
914  961 560 1116 705  0 -0.37798
915  961 560 1123 709  0 -0.38109
916  961 560 1123 709  0 -0.40806
917  961 560 1123 709  0 -0.40711
918  961 560 1123 709  0 -0.38216
919  961 560 1123 709  0 -0.39792
920  961 560 1123 709  0 -0.37685
921  961 560 1123 709  0 -0.28047
922  961 560 1123 709  0 -0.31143
923  961 560 1123 709  0 -0.25976
924  961 560 1123 709  0 -0.30957
925  961 560 1123 709  0 -0.30499
926  961 560 1123 705  0 -0.32816
927  961 560 1123 705  0 -0.28745
928  968 560 1123 705  0 -0.40749
929  961 581 1123 705  0 -0.46922
930  968 581 1123 705  0 -0.38327

# id: 3
# avgscore: -0.546909
# length: 16
901  532 354 587 403  60 -0.59646
902  544 350 590 410  75 -0.50590
904  546 351 588 402  60 -0.53314
905  541 351 590 403  75 -0.55688
906  535 351 590 403  90 -0.50840
907  540 351 591 402  75 -0.48342
908  538 351 588 402  60 -0.51355
909  538 351 590 403  60 -0.55439
910  535 351 590 403  60 -0.55996
911  535 354 587 403  60 -0.58547
917  532 359 583 404  60 -0.56722
918  535 359 583 404  60 -0.47345
919  532 360 584 406  60 -0.59000
924  538 354 590 403  75 -0.58613
925  535 354 587 400  75 -0.54502
930  544 350 597 407  75 -0.59116

# id: 4
# avgscore: -0.589890
# length: 1
922  1191 322 1267 382  -60 -0.58989

# id: 5
# avgscore: -0.576890
# length: 1
923  1200 330 1258 382  -90 -0.57689

# id: 6
# avgscore: -0.558390
# length: 1
924  1200 330 1261 382  -90 -0.55839

# id: 7
# avgscore: -0.589410
# length: 1
925  1198 329 1262 386  -90 -0.58941

# id: 8
# avgscore: -0.584100
# length: 1
926  1195 330 1259 386  -90 -0.58410
