# format: <frame> <x1> <y1> <x2> <y2> <pose> <score>
#
# id: 1
# avgscore: -0.361809
# length: 137
1395  328 174 430 275  -45 -0.24358
1396  328 174 430 275  -45 -0.29565
1397  328 175 432 273  -30 -0.23076
1398  328 175 432 273  -30 -0.22561
1399  328 174 430 275  -45 -0.13931
1400  328 174 424 275  -45 -0.17148
1401  328 174 430 275  -45 -0.16314
1402  334 174 430 275  -45 -0.25053
1403  328 174 430 275  -30 -0.27695
1404  328 174 430 275  -45 -0.22831
1405  328 174 430 275  -30 -0.21299
1406  328 174 424 275  -45 -0.40843
1407  328 174 424 275  -45 -0.45970
1408  328 174 430 275  -45 -0.47617
1409  328 174 430 275  -45 -0.48308
1410  328 174 451 275  -45 -0.56168
1411  318 174 446 275  -30 -0.54179
1412  323 174 421 272  -30 -0.46632
1413  318 174 421 272  -30 -0.48152
1414  318 174 416 272  -45 -0.53659
1415  318 174 419 275  -45 -0.52258
1416  318 174 424 275  -45 -0.41277
1417  318 174 414 275  -45 -0.49813
1418  312 174 419 275  -45 -0.57304
1419  312 174 408 275  -45 -0.52499
1420  318 168 398 270  -60 -0.55857
1421  318 174 414 270  -60 -0.58214
1422  310 169 408 273  -60 -0.57866
1423  309 170 411 267  -45 -0.58301
1424  302 174 403 275  -45 -0.46768
1425  302 168 403 275  -45 -0.49448
1426  310 169 414 273  -60 -0.49771
1427  300 170 402 267  -45 -0.49431
1428  302 168 398 275  -45 -0.43241
1429  302 168 403 275  -45 -0.42298
1430  302 168 403 270  -45 -0.37220
1431  296 168 403 275  -45 -0.38921
1432  300 170 397 272  -45 -0.35019
1433  300 170 393 272  -45 -0.36571
1434  291 168 392 275  -45 -0.43125
1435  295 170 393 272  -45 -0.47792
1436  286 168 392 275  -45 -0.43584
1437  291 170 383 272  -45 -0.40005
1438  291 170 388 272  -45 -0.43046
1439  291 170 379 272  -45 -0.42896
1440  291 170 383 272  -45 -0.44640
1441  287 166 400 271  -60 -0.57513
1442  287 158 400 271  -60 -0.53848
1443  286 170 374 272  -45 -0.44054
1444  286 170 374 272  -45 -0.50732
1445  280 168 387 275  -45 -0.45398
1446  280 168 387 275  -45 -0.35129
1447  275 168 387 270  -45 -0.41510
1448  280 168 387 275  -45 -0.37785
1449  280 168 387 275  -45 -0.39732
1450  275 168 387 270  -45 -0.37083
1451  291 163 395 267  -60 -0.36138
1452  285 166 398 264  -60 -0.37224
1453  285 166 398 271  -60 -0.41028
1454  280 163 387 270  -45 -0.34633
1455  285 173 398 271  -60 -0.40628
1456  286 163 387 264  -45 -0.40746
1457  292 173 398 264  -60 -0.44201
1458  286 163 387 264  -45 -0.43984
1459  286 163 387 264  -45 -0.36370
1460  285 157 389 273  -45 -0.42360
1461  279 163 389 273  -30 -0.35618
1462  291 158 387 264  -45 -0.41706
1463  291 158 387 264  -45 -0.39641
1464  291 158 387 264  -45 -0.44624
1465  291 158 398 264  -45 -0.42620
1466  291 158 398 264  -45 -0.40577
1467  286 156 388 263  -15 -0.42923
1468  291 157 420 267  -30 -0.42994
1469  291 158 392 264  -30 -0.30161
1470  291 157 420 267  -30 -0.34677
1471  291 158 419 264  -30 -0.27654
1472  291 158 392 264  -30 -0.26324
1473  296 152 398 264  -45 -0.25229
1474  291 152 408 264  -15 -0.25447
1475  291 152 398 259  -15 -0.28671
1476  286 156 397 258  0 -0.24818
1477  291 152 403 259  -15 -0.17339
1478  295 156 402 258  -15 -0.14111
1479  291 158 398 264  0 0.00728
1480  296 158 403 264  0 0.00283
1481  297 157 414 267  -30 0.05537
1482  302 158 408 264  0 0.03871
1483  302 158 398 264  0 0.06509
1484  302 158 403 264  0 0.14628
1485  304 163 402 267  0 0.15075
1486  307 163 403 264  0 0.15767
1487  307 163 403 264  0 0.11864
1488  310 150 408 267  0 0.09780
1489  307 163 408 264  0 -0.03055
1490  310 150 408 267  0 -0.07793
1491  312 163 408 264  0 -0.33093
1492  310 163 420 267  -30 -0.34566
1493  312 158 408 264  0 -0.37180
1494  312 158 414 264  0 -0.42289
1495  316 150 414 267  0 -0.35370
1496  318 158 414 264  0 -0.34021
1497  297 157 420 267  0 -0.38353
1498  318 163 419 264  0 -0.43162
1499  304 157 420 267  0 -0.43707
1500  335 166 461 264  -30 -0.45904
1502  304 163 426 273  0 -0.51568
1503  304 163 426 273  0 -0.44612
1504  323 168 430 270  0 -0.44856
1505  304 163 432 273  0 -0.46086
1506  304 163 432 273  0 -0.42543
1507  328 175 432 316  0 -0.43939
1508  328 181 432 316  0 -0.36940
1509  328 175 432 316  0 -0.38240
1510  328 180 433 321  0 -0.35198
1511  328 181 438 316  0 -0.37249
1512  328 181 438 316  0 -0.28959
1513  328 175 438 316  0 -0.29703
1514  328 175 438 316  0 -0.39551
1515  328 175 438 316  0 -0.35483
1516  328 175 438 316  0 -0.37205
1517  334 174 440 280  0 -0.46265
1518  334 179 446 280  0 -0.37599
1519  334 168 446 275  0 -0.34886
1520  334 168 446 275  0 -0.43653
1521  337 179 444 277  0 -0.40320
1522  334 168 446 275  0 -0.43074
1523  334 179 446 275  0 -0.50656
1524  339 168 451 275  0 -0.44682
1525  339 168 451 275  0 -0.40583
1526  339 168 451 275  0 -0.48823
1527  334 175 438 279  45 -0.49533
1528  337 179 444 272  15 -0.49901
1529  334 175 438 279  45 -0.49925
1530  339 168 451 275  0 -0.49380
1531  334 175 438 279  30 -0.49155
1532  334 175 438 279  30 -0.44005

# id: 2
# avgscore: -0.543515
# length: 74
1395  824 126 916 230  -90 -0.49467
1396  824 126 916 230  -90 -0.48685
1397  824 126 916 230  -90 -0.42175
1398  824 126 916 230  -90 -0.48032
1399  824 126 916 230  -90 -0.45000
1400  824 126 916 230  -90 -0.45864
1401  824 126 916 230  -90 -0.59153
1402  824 126 916 230  -90 -0.59261
1403  824 126 916 230  -90 -0.59168
1407  827 123 919 222  -60 -0.59666
1409  824 120 916 224  -75 -0.58351
1417  820 123 912 222  -75 -0.58473
1418  820 123 912 222  -60 -0.57164
1422  824 120 916 224  -60 -0.58948
1423  824 120 916 218  -75 -0.58578
1424  824 120 910 218  -60 -0.55389
1425  824 120 916 218  -75 -0.59263
1429  830 120 904 222  -90 -0.56706
1430  830 120 904 222  -90 -0.57592
1432  830 120 910 218  -60 -0.55207
1433  830 120 910 218  -60 -0.52635
1434  830 120 916 218  -60 -0.59357
1435  827 116 919 222  -90 -0.55505
1436  830 120 910 224  -60 -0.54027
1439  824 120 904 218  -60 -0.55661
1440  824 120 904 218  -60 -0.58878
1441  824 120 916 224  -75 -0.53932
1442  824 120 916 224  -75 -0.53160
1443  824 120 904 224  -60 -0.48131
1444  824 120 904 224  -60 -0.49577
1445  824 120 904 218  -60 -0.54341
1448  824 120 904 218  -60 -0.58289
1449  824 120 904 224  -60 -0.55266
1451  824 120 904 224  -60 -0.53364
1452  824 120 910 224  -60 -0.47781
1453  824 120 910 224  -60 -0.56228
1454  824 120 916 224  -75 -0.55656
1457  824 120 916 224  -90 -0.57084
1458  824 120 916 224  -90 -0.55952
1462  824 120 916 218  -75 -0.57372
1463  824 120 916 218  -75 -0.46151
1464  824 120 916 218  -75 -0.56933
1465  824 120 916 218  -75 -0.54048
1466  824 114 916 218  -75 -0.56590
1468  824 114 916 218  -75 -0.45907
1469  824 114 916 218  -75 -0.47159
1470  824 114 916 218  -75 -0.50233
1471  824 114 916 218  -75 -0.57226
1472  824 120 916 218  -75 -0.55895
1473  824 114 916 218  -75 -0.58143
1476  827 116 919 215  -60 -0.58481
1479  827 116 919 215  -60 -0.55974
1484  830 120 910 216  -90 -0.56852
1485  830 120 910 218  -60 -0.57315
1486  830 120 910 218  -60 -0.52294
1487  830 120 910 218  -60 -0.46926
1488  830 120 910 218  -60 -0.48636
1491  830 126 920 222  -90 -0.59979
1496  827 116 919 215  -60 -0.59762
1500  824 120 910 218  -60 -0.47760
1501  824 120 916 218  -60 -0.52097
1502  824 120 910 218  -60 -0.52128
1503  824 120 922 218  -75 -0.48840
1504  824 120 916 218  -60 -0.55429
1506  824 120 916 206  -60 -0.57561
1507  824 120 916 218  -60 -0.54591
1515  824 120 910 218  -60 -0.58399
1521  824 131 904 216  -60 -0.57520
1526  820 123 912 215  -60 -0.53122
1528  818 120 904 218  -75 -0.56308
1529  818 120 904 218  -75 -0.58259
1530  818 120 904 218  -75 -0.56411
1531  818 120 910 218  -75 -0.50606
1532  818 120 904 218  -75 -0.54137

# id: 3
# avgscore: -0.570318
# length: 8
1398  951 191 999 244  90 -0.57574
1399  949 196 1008 245  60 -0.52737
1404  949 189 1012 245  60 -0.59709
1405  948 192 1004 244  90 -0.57436
1406  948 189 1007 244  90 -0.57923
1447  948 195 1004 241  60 -0.56650
1448  942 195 1000 241  60 -0.55565
1449  951 194 1002 239  60 -0.58660

# id: 4
# avgscore: -0.563970
# length: 1
1424  492 363 553 425  45 -0.56397

# id: 5
# avgscore: -0.528680
# length: 1
1442  480 363 544 418  45 -0.52868

# id: 6
# avgscore: -0.584370
# length: 1
1443  1071 324 1119 383  90 -0.58437

# id: 7
# avgscore: -0.523010
# length: 1
1446  875 78 915 134  90 -0.52301

# id: 8
# avgscore: -0.583960
# length: 1
1457  467 406 535 467  45 -0.58396

# id: 9
# avgscore: -0.565300
# length: 1
1465  460 410 533 470  45 -0.56530

# id: 10
# avgscore: -0.589710
# length: 1
1500  994 409 1046 471  90 -0.58971

# id: 11
# avgscore: -0.537170
# length: 1
1501  380 175 423 228  -30 -0.53717
