# format: <frame> <x1> <y1> <x2> <y2> <pose> <score>
#
# id: 1
# avgscore: -0.540355
# length: 11
658  450 372 487 431  90 -0.44380
660  439 375 471 431  90 -0.51411
662  418 375 458 431  90 -0.57163
663  415 375 450 431  90 -0.34571
664  409 376 446 431  90 -0.59829
665  402 372 436 428  90 -0.57897
706  300 356 338 404  90 -0.57392
707  303 356 338 404  90 -0.59167
760  311 354 343 402  90 -0.55034
762  303 354 340 402  90 -0.58842
764  308 354 338 402  90 -0.58705

# id: 2
# avgscore: -0.572870
# length: 3
658  1207 386 1255 428  0 -0.52444
661  1167 386 1215 434  0 -0.59922
783  901 227 1134 435  30 -0.59495

# id: 3
# avgscore: -0.324767
# length: 224
658  675 179 782 286  0 -0.59328
663  647 181 763 328  0 -0.58526
664  643 179 750 286  0 -0.54249
665  641 163 751 291  0 -0.46364
666  634 163 751 285  0 -0.37366
667  628 157 745 285  0 -0.46944
668  616 159 743 321  0 -0.49203
669  628 157 745 285  0 -0.41989
670  628 163 745 285  0 -0.40704
671  622 163 745 285  0 -0.53946
672  622 163 739 285  0 -0.47959
673  622 163 739 285  0 -0.50170
675  616 169 739 273  -15 -0.54435
676  611 168 728 280  0 -0.56481
677  610 169 732 273  -15 -0.58875
689  532 170 629 281  45 -0.58810
690  510 174 627 280  45 -0.45928
691  504 184 616 280  90 -0.53770
692  504 180 609 278  60 -0.43329
693  495 174 611 277  45 -0.39525
694  490 174 611 277  45 -0.44004
695  488 174 606 280  45 -0.44173
696  500 175 604 279  60 -0.37027
697  494 175 604 279  60 -0.31869
698  500 175 604 279  75 -0.23878
699  511 180 609 278  60 -0.33042
700  511 180 609 278  60 -0.14443
701  506 181 610 279  60 -0.11594
702  515 179 616 280  90 -0.06932
703  524 187 616 279  60 -0.10631
704  532 188 620 277  90 -0.13842
705  531 179 622 280  90 -0.09969
706  536 192 625 277  90 -0.17460
707  536 179 627 275  90 -0.18542
708  544 192 629 277  90 -0.12731
709  552 192 633 277  90 -0.16107
710  548 188 633 277  90 -0.02014
711  551 188 634 277  90 -0.15747
712  560 188 634 277  90 -0.00465
713  551 184 639 277  90 -0.06507
714  551 188 639 277  90 0.02351
715  556 184 637 281  90 0.00407
716  555 188 639 281  90 -0.10146
717  556 188 637 281  90 -0.19082
718  564 192 637 285  90 -0.21866
719  564 188 637 285  90 -0.29515
720  546 188 634 281  90 -0.21944
721  551 184 634 281  90 -0.16550
722  541 184 629 281  90 -0.08808
723  551 179 629 277  90 0.05904
724  541 184 629 277  90 0.17373
725  541 179 629 272  90 0.04744
726  551 174 629 272  90 0.08824
727  541 174 629 272  90 0.03257
728  551 174 629 272  90 0.11456
729  555 174 629 267  90 0.03619
730  536 174 632 270  90 0.00779
731  555 170 629 267  90 0.08218
732  552 174 632 270  90 0.04207
733  558 174 638 270  60 0.10196
734  560 188 639 267  60 -0.12027
735  560 174 639 272  90 0.00670
736  560 174 639 272  90 -0.21276
737  560 174 643 272  90 -0.10996
738  552 179 643 275  90 -0.09741
739  564 179 648 277  90 -0.12134
740  564 184 648 277  90 0.03557
741  568 184 648 280  90 0.00839
742  569 184 648 277  90 -0.02104
743  558 184 648 280  90 -0.00787
744  558 184 648 280  90 -0.00892
745  569 184 648 277  90 0.04328
746  558 184 648 275  90 0.03369
747  564 184 648 277  90 0.09169
748  569 184 648 277  90 0.05818
749  558 179 648 275  90 0.08305
750  558 179 648 275  90 0.12638
751  560 179 648 272  90 0.09389
752  563 179 648 275  90 0.17494
753  563 179 648 275  90 -0.01783
754  552 179 648 275  60 -0.19760
755  552 184 648 275  75 -0.15634
756  555 184 648 281  90 -0.32688
757  549 181 647 279  60 -0.23971
758  543 187 647 285  60 -0.22973
759  547 190 643 286  75 -0.35050
760  543 187 641 285  75 -0.43552
761  599 202 634 252  30 -0.40334
762  536 195 632 291  90 -0.39562
763  532 188 634 291  45 -0.41616
764  527 188 629 291  45 -0.41849
765  527 188 625 291  45 -0.49646
767  527 193 620 291  45 -0.59453
768  523 198 616 291  45 -0.49919
769  510 200 616 296  45 -0.54536
770  510 200 606 296  30 -0.57547
771  494 199 604 297  30 -0.55348
772  500 187 616 297  0 -0.46697
773  499 200 611 296  0 -0.42915
774  499 193 602 295  15 -0.46518
775  494 195 600 296  0 -0.46723
776  495 193 602 295  0 -0.35746
777  495 193 602 300  0 -0.28258
778  494 195 600 302  0 -0.36931
779  494 195 600 302  0 -0.30514
780  495 198 597 300  0 -0.32539
781  487 193 598 304  0 -0.34453
782  487 193 598 304  0 -0.44319
783  488 206 595 307  0 -0.41714
784  483 206 595 312  0 -0.49034
785  483 200 590 312  0 -0.39028
786  483 200 590 312  0 -0.46396
787  483 206 590 312  0 -0.46375
788  478 211 590 312  0 -0.52973
789  478 206 590 318  0 -0.55353
790  478 211 590 318  0 -0.55821
791  478 206 584 318  0 -0.47821
792  475 206 585 316  0 -0.54231
793  478 206 584 318  0 -0.58193
794  478 211 584 318  0 -0.53120
795  478 206 584 318  0 -0.46879
796  478 206 584 318  0 -0.37384
797  478 206 584 318  0 -0.30491
798  478 206 584 318  0 -0.25854
799  478 216 574 318  0 -0.25773
800  478 211 579 318  0 -0.30056
801  478 211 579 318  0 -0.35574
802  478 211 579 318  0 -0.25525
803  478 211 579 312  0 -0.31948
804  478 211 579 312  0 -0.32391
805  478 211 579 312  0 -0.31494
806  472 200 574 312  0 -0.29586
807  472 206 579 312  0 -0.25811
808  469 199 573 310  0 -0.37237
809  476 207 569 304  -15 -0.33389
810  475 193 573 310  0 -0.22741
811  472 207 564 309  0 -0.31343
812  472 206 568 307  0 -0.32427
813  472 207 569 309  0 -0.32002
814  472 207 564 309  0 -0.33967
815  472 195 574 307  0 -0.29950
816  472 206 574 307  0 -0.28346
817  469 193 573 310  0 -0.33876
818  472 207 564 309  0 -0.34521
819  463 193 573 310  0 -0.35317
820  463 199 573 310  0 -0.26976
821  463 193 573 310  0 -0.30690
822  463 193 567 310  0 -0.30218
823  463 193 573 310  0 -0.33004
824  463 199 567 310  0 -0.28032
825  463 199 567 310  0 -0.33931
826  463 187 567 310  0 -0.38714
827  463 187 567 310  0 -0.33561
828  463 187 567 310  0 -0.37749
829  463 187 567 310  0 -0.39800
830  463 193 561 310  0 -0.42139
831  457 187 561 310  0 -0.49877
832  462 206 563 312  0 -0.51090
833  457 199 561 316  0 -0.51276
834  457 206 561 316  0 -0.46787
835  457 193 555 316  0 -0.48515
836  451 206 555 316  0 -0.56482
837  451 193 549 310  0 -0.58020
838  451 206 552 312  0 -0.56749
839  451 211 552 307  0 -0.58045
840  444 206 549 310  0 -0.57574
841  432 206 549 310  0 -0.53828
842  426 206 549 310  0 -0.51402
843  426 206 549 310  0 -0.49410
844  446 206 547 307  0 -0.53935
845  440 211 547 307  0 -0.51658
846  440 211 547 307  0 -0.46834
847  435 206 547 312  0 -0.47454
848  426 206 543 310  0 -0.29111
849  426 206 543 310  0 -0.22601
850  426 206 543 310  0 -0.22608
851  426 199 543 310  0 -0.31314
852  426 199 543 310  -15 -0.33870
853  446 200 536 307  -15 -0.27070
854  435 200 536 307  -15 -0.31105
855  430 200 536 307  -15 -0.30811
856  430 200 536 307  -15 -0.29899
857  430 200 531 307  -15 -0.32487
858  430 200 531 307  -15 -0.29373
859  440 206 531 312  -30 -0.34339
860  424 206 531 312  -15 -0.36202
861  430 206 531 312  -15 -0.34636
862  424 211 526 312  -15 -0.29265
863  430 211 526 312  -15 -0.35352
864  430 211 526 312  -15 -0.30323
865  430 212 527 314  0 -0.42858
866  425 216 527 314  0 -0.37247
867  430 216 526 318  -30 -0.37677
868  430 216 531 318  -30 -0.37685
869  430 216 526 318  -30 -0.42608
870  424 216 526 318  -15 -0.49164
871  426 218 524 322  -30 -0.47392
872  419 222 526 318  -15 -0.45239
873  421 221 523 318  -15 -0.47323
874  419 222 526 323  -15 -0.46790
875  419 222 520 323  0 -0.46530
876  424 222 520 323  -30 -0.43163
877  424 222 520 323  -30 -0.35241
878  424 222 520 328  -30 -0.35911
879  424 222 520 323  -30 -0.41508
880  421 226 518 323  0 -0.48689
881  419 222 520 323  -15 -0.52651
882  421 226 523 323  0 -0.41564
883  421 226 523 323  0 -0.47727
884  420 224 524 328  -30 -0.46736
885  421 226 523 323  -15 -0.43937
886  421 226 523 323  -15 -0.56191
887  421 226 523 323  0 -0.46772
888  421 226 523 323  0 -0.51669
889  421 226 523 323  0 -0.52898
890  421 226 523 323  0 -0.52269
891  421 226 523 323  0 -0.49510
892  420 224 524 322  -30 -0.54815
893  420 224 524 328  -30 -0.48856
894  420 224 524 322  -30 -0.48077
895  420 224 524 322  -30 -0.43805
896  420 224 524 322  -30 -0.52015
897  420 224 524 322  -30 -0.50375
898  420 224 524 322  -30 -0.51158

# id: 4
# avgscore: -0.095098
# length: 240
659  797 156 903 244  0 -0.45703
660  791 176 879 281  45 -0.57417
661  787 142 903 239  15 -0.34365
662  814 142 899 270  0 -0.31071
663  811 142 903 235  0 -0.18141
664  803 142 899 270  0 -0.17377
665  797 147 894 239  15 -0.06237
666  792 151 889 244  0 -0.02786
667  792 152 888 248  0 0.03894
668  787 156 885 249  0 0.10297
669  787 152 883 248  0 0.11733
670  783 151 880 249  0 0.16991
671  782 147 883 259  0 0.02699
672  782 147 878 243  0 0.13277
673  787 147 880 239  0 0.08414
674  787 147 888 243  0 0.12480
675  797 147 889 244  0 0.17548
676  801 147 894 244  0 -0.01882
677  806 147 899 244  0 0.02131
678  808 147 910 259  0 -0.07757
679  815 147 913 244  0 -0.02304
680  824 147 917 244  0 -0.09595
681  830 147 926 248  0 -0.12039
682  835 147 931 248  0 -0.12104
683  838 147 941 244  0 -0.18442
684  840 142 947 232  -30 -0.15499
685  835 136 952 232  0 -0.26147
686  829 137 945 226  0 -0.28927
687  862 137 945 230  0 -0.26019
688  814 136 942 227  45 -0.31753
689  819 136 952 232  0 -0.20804
690  846 136 958 232  0 -0.25054
691  871 137 954 226  0 -0.30521
692  871 137 959 230  0 -0.30833
693  876 137 959 230  0 -0.24553
694  876 137 959 230  0 -0.29994
695  871 133 959 226  0 -0.27662
696  876 137 954 230  0 -0.28667
697  871 137 950 235  0 -0.31002
698  848 137 945 230  0 -0.11378
699  800 132 928 230  30 -0.12838
700  808 131 926 227  0 -0.13666
701  808 126 915 222  0 -0.01683
702  806 133 903 221  0 -0.01786
703  806 128 894 216  0 -0.13417
704  806 133 889 226  0 -0.07992
705  797 133 885 221  0 -0.10012
706  798 131 878 227  0 -0.04840
707  792 131 872 232  0 -0.13190
708  787 133 871 230  0 -0.14175
709  782 131 883 232  0 0.00696
710  782 126 888 227  0 -0.06158
711  787 126 888 227  0 0.16053
712  782 126 888 227  0 0.14064
713  782 126 888 222  0 0.08245
714  787 126 888 222  0 0.09434
715  787 131 894 222  0 -0.04598
716  797 128 894 221  0 -0.04727
717  801 128 880 212  0 -0.05595
718  803 126 883 216  0 -0.13094
719  808 120 904 206  -30 -0.08842
720  811 123 908 207  -30 -0.18151
721  811 123 908 207  -30 -0.27785
722  815 123 913 207  -30 -0.30439
723  811 123 899 207  0 -0.16924
724  811 123 908 207  0 -0.16193
725  811 123 913 212  0 -0.09826
726  811 128 917 212  0 -0.20126
727  846 126 942 216  -30 -0.11776
728  851 126 952 211  -30 -0.05706
729  862 131 952 216  -30 -0.19332
730  862 131 958 216  -30 -0.19162
731  857 133 954 212  -30 -0.15416
732  866 133 954 216  -30 -0.20082
733  867 131 963 216  -30 -0.15442
734  871 133 945 216  -30 -0.08762
735  871 133 959 216  -30 -0.08521
736  871 137 959 221  -30 -0.12132
737  862 137 936 230  0 0.03409
738  856 142 958 232  -30 -0.09421
739  857 142 954 230  -30 -0.04547
740  851 136 952 227  -30 -0.05027
741  815 133 927 226  0 -0.10542
742  815 137 917 226  0 -0.25784
743  815 137 913 226  0 -0.20064
744  808 136 926 227  0 -0.17082
745  814 136 920 227  0 -0.15013
746  814 136 915 232  0 -0.20091
747  811 137 908 226  -15 -0.24731
748  803 142 904 232  0 -0.22267
749  803 142 904 232  0 -0.11445
750  801 142 899 230  0 -0.20356
751  803 142 904 232  -15 -0.16385
752  797 142 894 235  0 -0.12230
753  801 147 894 235  0 -0.13674
754  803 142 899 232  -15 -0.09488
755  806 142 899 230  -15 -0.11007
756  803 142 904 232  -30 -0.08234
757  808 142 904 232  -30 -0.12691
758  806 137 903 226  -15 -0.06343
759  811 137 903 226  -30 -0.09380
760  814 136 910 227  -30 -0.06195
761  820 137 913 226  -30 -0.05425
762  811 133 899 221  0 -0.05572
763  811 133 903 221  0 -0.11818
764  811 133 908 216  0 -0.03293
765  811 133 917 216  0 -0.03346
766  811 133 917 216  0 -0.08805
767  811 133 927 216  0 -0.03861
768  852 133 945 216  -30 -0.12670
769  857 133 954 216  -30 -0.07728
770  862 136 958 222  -30 -0.14236
771  866 133 959 221  -30 -0.18796
772  866 133 959 221  -30 -0.07496
773  866 133 959 221  -30 -0.09092
774  866 133 959 221  -30 -0.12762
775  862 136 958 222  -30 -0.10268
776  857 133 954 216  -30 -0.22006
777  803 126 936 216  0 -0.27858
778  852 133 954 226  0 -0.23620
779  851 131 952 227  0 -0.22654
780  848 128 950 226  0 -0.22345
781  806 120 947 224  0 -0.16955
782  840 131 947 222  -30 -0.21516
783  830 131 942 222  -15 -0.27896
784  834 133 936 230  0 -0.12354
785  829 133 931 230  0 -0.24633
786  824 133 927 230  0 -0.24563
787  803 126 920 227  0 -0.12549
788  814 126 915 227  -15 -0.08928
789  803 136 910 227  -30 -0.21874
790  803 136 904 232  0 -0.21857
791  792 136 899 232  0 -0.17380
792  776 136 888 232  0 -0.07355
793  782 136 883 232  0 -0.10374
794  783 142 880 235  0 -0.18453
795  771 142 872 238  0 -0.21476
796  771 142 872 238  0 -0.10313
797  771 142 867 243  0 -0.17480
798  764 147 866 239  0 -0.25894
799  760 147 862 243  0 -0.23197
800  759 151 862 239  0 -0.26423
801  759 151 862 239  0 -0.21431
802  764 151 862 239  0 -0.18623
803  759 151 862 239  0 -0.11563
804  760 147 862 243  0 -0.13654
805  764 147 862 235  0 -0.20086
806  769 142 866 230  0 -0.29974
807  766 136 867 227  0 -0.18054
808  773 137 857 226  0 -0.14499
809  778 137 862 226  0 -0.15138
810  778 133 862 221  0 -0.08604
811  783 133 866 221  0 -0.03974
812  787 128 866 221  0 -0.11011
813  792 131 888 222  -30 0.03176
814  792 131 894 227  0 -0.01512
815  797 133 876 226  0 0.06997
816  792 133 880 221  0 0.00776
817  792 128 880 221  0 0.11457
818  792 128 885 221  0 0.08641
819  792 131 883 227  0 0.06784
820  792 128 885 226  0 0.06294
821  792 128 885 226  0 0.15790
822  792 133 885 221  0 -0.01272
823  792 128 885 221  0 0.04754
824  792 128 885 216  0 0.07546
825  792 126 883 216  0 0.06276
826  792 128 880 216  0 -0.01012
827  803 131 904 222  -30 0.02840
828  803 131 899 222  -30 -0.01729
829  792 126 899 216  -30 -0.05476
830  792 128 880 212  0 -0.07317
831  792 123 880 212  0 -0.02285
832  787 123 876 212  0 0.00569
833  787 126 894 211  -30 0.05642
834  787 123 876 207  -15 0.01930
835  787 126 894 211  -30 -0.03618
836  797 123 871 207  -30 0.09695
837  783 123 866 207  0 -0.02415
838  792 123 862 207  -30 0.08259
839  792 123 862 207  -30 0.07578
840  787 126 883 211  -30 -0.01140
841  791 124 859 208  -30 -0.03146
842  787 128 866 212  -30 -0.07313
843  787 128 862 212  -30 0.05801
844  787 128 862 212  -30 -0.03185
845  787 128 862 212  -30 0.05092
846  787 128 862 216  -30 0.15501
847  787 133 862 216  -30 0.10586
848  787 131 883 216  -30 0.04459
849  787 133 862 216  -30 0.01956
850  787 133 866 216  -30 -0.01890
851  787 133 876 216  -30 -0.00013
852  783 133 876 216  -30 0.00101
853  787 133 880 216  -30 0.05346
854  783 133 880 216  -30 -0.00911
855  783 133 880 216  -15 -0.04519
856  783 133 857 216  -15 0.08166
857  783 133 880 216  -15 0.07694
858  782 136 878 222  -30 0.02157
859  782 136 878 222  -30 0.18678
860  782 136 878 222  -30 0.09683
861  783 137 876 221  -30 0.06883
862  783 137 871 221  -30 0.04723
863  783 137 871 221  -30 0.03581
864  783 137 876 221  -30 -0.00820
865  783 137 866 221  -30 0.00520
866  782 136 872 222  -30 0.03710
867  782 136 872 222  -30 -0.07240
868  776 136 872 222  -30 0.01460
869  776 136 872 222  -30 -0.07590
870  778 133 866 221  -30 -0.02650
871  778 133 866 221  -30 -0.09385
872  778 133 866 221  -30 -0.07451
873  773 133 866 216  -15 -0.10862
874  776 136 867 222  -30 -0.15573
875  773 133 866 216  -15 -0.12470
876  773 133 862 216  -30 -0.15576
877  773 133 862 216  -30 -0.16853
878  769 133 862 216  -15 -0.21474
879  773 133 862 216  -30 -0.17031
880  769 133 862 216  -30 -0.22299
881  769 133 857 216  -30 -0.21820
882  769 133 862 216  -30 -0.18033
883  769 133 862 216  -30 -0.24428
884  769 133 862 216  -30 -0.13053
885  769 133 862 216  -30 -0.18378
886  769 133 862 216  -30 -0.16165
887  769 133 857 216  -30 -0.13072
888  769 133 862 216  -30 -0.19688
889  769 133 862 216  -30 -0.13044
890  771 131 862 216  -30 -0.15424
891  769 133 862 216  -30 -0.08998
892  771 131 862 216  -30 -0.18466
893  769 133 862 216  -30 -0.14825
894  771 131 867 216  -30 -0.10153
895  771 131 867 216  -30 -0.09148
896  776 131 867 216  -30 -0.03235
897  778 133 866 216  -30 -0.06217
898  778 133 871 216  -30 -0.02499

# id: 5
# avgscore: -0.582037
# length: 4
667  62 509 104 569  75 -0.56802
670  60 507 100 562  75 -0.59579
671  60 507 97 562  75 -0.57754
689  10 492 39 540  75 -0.58680

# id: 6
# avgscore: -0.594150
# length: 1
687  773 416 857 504  -90 -0.59415

# id: 7
# avgscore: -0.595100
# length: 1
696  11 342 72 409  0 -0.59510

# id: 8
# avgscore: -0.463918
# length: 4
702  1001 419 1086 504  -15 -0.38584
703  1005 421 1068 495  0 -0.40520
704  994 417 1065 488  30 -0.57177
723  1061 417 1121 495  45 -0.49286

# id: 9
# avgscore: -0.586720
# length: 1
714  751 395 861 518  90 -0.58672

# id: 10
# avgscore: -0.569130
# length: 2
718  748 516 799 556  -45 -0.56958
720  751 514 804 551  -30 -0.56868

# id: 11
# avgscore: -0.541150
# length: 1
724  1086 428 1117 498  75 -0.54115

# id: 12
# avgscore: -0.552285
# length: 2
740  1037 415 1102 512  -30 -0.57821
742  1015 414 1079 495  0 -0.52636

# id: 13
# avgscore: -0.556100
# length: 1
818  410 396 488 460  45 -0.55610

# id: 14
# avgscore: -0.553850
# length: 1
828  764 492 815 530  -45 -0.55385

# id: 15
# avgscore: -0.584550
# length: 1
829  764 490 815 530  -45 -0.58455

# id: 16
# avgscore: -0.578430
# length: 1
830  764 490 815 530  -45 -0.57843

# id: 17
# avgscore: -0.596040
# length: 1
833  764 484 818 524  -45 -0.59604

# id: 18
# avgscore: -0.598770
# length: 1
835  332 362 378 404  -90 -0.59877
