# format: <frame> <x1> <y1> <x2> <y2> <pose> <score>
#
# id: 1
# avgscore: -0.056103
# length: 45
143  421 226 504 304  30 -0.46273
144  425 226 509 309  45 -0.24400
145  431 233 512 314  30 -0.30228
146  434 230 523 309  30 -0.23624
147  447 229 528 305  0 -0.27366
148  443 229 520 297  45 -0.32383
149  449 227 523 291  45 -0.34570
150  456 231 526 298  45 -0.34942
151  460 238 530 308  45 -0.27695
152  456 245 530 308  45 -0.35911
153  448 239 532 328  30 -0.21128
154  453 239 546 318  0 -0.08697
155  444 230 541 318  0 -0.05593
156  439 230 532 314  0 -0.10064
157  431 229 524 310  0 -0.15169
158  421 221 518 309  0 0.01870
159  415 233 508 310  0 0.08021
160  402 226 499 314  0 0.00989
161  397 226 499 309  0 0.01269
162  397 226 499 314  0 -0.08674
163  397 226 499 314  0 -0.00225
164  402 226 504 318  0 -0.03629
165  402 226 504 314  0 0.02443
166  407 221 513 309  0 -0.00856
167  414 211 526 307  0 0.05762
168  424 206 536 302  0 -0.04525
169  435 195 542 291  0 0.02155
170  446 184 552 280  0 0.11141
171  453 170 555 267  15 0.22810
172  462 158 552 259  30 0.27544
173  467 147 568 254  45 0.31118
174  483 147 579 248  45 -0.04717
175  488 147 584 254  45 0.01569
176  481 157 579 261  60 0.05321
177  475 157 585 255  60 0.04650
178  482 152 588 250  60 0.16166
179  482 145 595 250  60 0.20060
180  475 145 595 250  60 0.06931
181  487 144 598 248  75 0.05016
182  481 144 598 248  60 0.05116
183  489 145 595 250  90 -0.11289
184  487 144 592 248  75 -0.13441
185  469 144 592 248  60 -0.08256
186  481 144 585 248  90 -0.00183
187  494 144 585 248  90 0.01423

# id: 2
# avgscore: -0.141925
# length: 37
151  1176 526 1262 654  0 -0.51267
152  1155 524 1268 659  0 -0.44526
153  1139 526 1256 654  0 -0.48045
154  1118 530 1229 702  0 -0.36795
155  1094 530 1204 696  0 -0.27763
156  1081 511 1207 651  0 -0.30856
157  1057 530 1186 634  0 -0.19270
158  1038 536 1150 632  45 -0.19106
159  1016 526 1144 627  15 -0.23600
160  1033 528 1110 629  0 -0.32714
161  965 518 1094 677  0 -0.37151
162  953 512 1063 683  0 -0.43215
163  941 512 1057 647  0 -0.36235
164  926 504 1045 644  0 -0.02813
165  910 500 1027 628  0 -0.44136
166  904 504 1016 600  -15 -0.31654
167  898 506 1008 616  -30 -0.23674
168  892 506 1002 616  -30 -0.06976
169  883 504 995 611  -30 -0.09503
170  878 504 984 611  -30 -0.07991
171  867 494 984 610  -30 -0.06896
172  867 487 977 610  -30 -0.10378
173  862 488 974 606  -15 -0.13071
174  861 487 971 610  -30 -0.04753
175  843 487 965 628  0 0.00467
176  841 482 961 637  0 -0.00859
177  843 487 953 641  0 -0.00542
178  813 482 947 637  0 0.05832
179  806 487 941 616  0 0.05974
180  830 488 936 616  0 0.07108
181  818 487 935 622  0 0.07966
182  812 487 928 622  0 0.09216
183  814 488 926 606  0 0.08204
184  806 487 922 610  0 0.05992
185  806 487 916 604  0 0.13202
186  800 487 916 610  0 0.09714
187  800 487 910 610  0 0.14992

# id: 3
# avgscore: -0.557900
# length: 1
151  314 572 403 645  0 -0.55790

# id: 4
# avgscore: -0.597420
# length: 1
171  469 255 573 371  -30 -0.59742

# id: 5
# avgscore: -0.588790
# length: 1
172  480 296 547 366  0 -0.58879
