# format: <frame> <x1> <y1> <x2> <y2> <pose> <score>
#
# id: 1
# avgscore: 0.148264
# length: 30
217  463 144 579 267  45 0.25854
218  463 144 579 267  45 0.27220
219  457 144 573 267  45 0.18797
220  461 145 574 271  45 0.25192
221  461 145 574 271  45 0.18899
222  454 145 574 278  45 0.13676
223  461 152 567 278  45 0.12625
224  454 152 567 271  45 0.15215
225  454 152 567 271  45 0.18658
226  461 145 567 271  45 0.15375
227  454 145 567 271  45 0.13297
228  461 152 567 271  45 0.15474
229  461 152 567 271  45 0.21116
230  461 145 574 271  45 0.14547
231  454 152 574 271  45 0.10552
232  463 150 573 267  45 0.01732
233  461 152 574 271  45 0.09336
234  461 152 574 271  45 0.13591
235  461 152 574 271  45 0.12564
236  461 152 574 271  45 0.08536
237  461 152 574 271  45 0.13727
238  461 152 574 271  45 0.10788
239  468 152 574 271  45 0.11767
240  468 152 581 271  45 0.14202
241  468 152 581 271  45 0.17480
242  469 150 579 273  45 0.13431
243  469 150 579 273  45 0.10908
244  468 152 581 271  45 0.12006
245  475 150 585 273  45 0.11850
246  475 152 595 271  45 0.16377

# id: 2
# avgscore: -0.353540
# length: 27
217  1088 588 1214 709  -30 -0.09598
218  1096 594 1225 708  -30 -0.11044
219  1074 595 1228 712  0 -0.39110
220  1104 603 1233 712  -30 -0.47957
221  1088 586 1241 712  0 -0.55530
222  1102 595 1249 712  0 -0.55304
226  1116 595 1257 712  0 -0.47030
227  1116 595 1257 712  0 -0.44048
228  1123 595 1263 712  0 -0.53957
229  1123 595 1263 712  0 -0.49717
230  1123 595 1263 712  0 -0.58188
231  1123 595 1267 712  0 -0.52229
232  1130 595 1267 712  0 -0.49614
233  1128 586 1267 712  0 -0.35646
234  1130 595 1270 712  0 -0.21711
235  1130 588 1267 712  0 -0.20359
236  1130 588 1267 712  0 -0.23387
237  1130 602 1270 712  0 -0.22340
238  1130 588 1267 712  0 -0.18272
239  1130 602 1274 712  0 -0.21485
240  1137 602 1274 712  0 -0.25915
241  1137 602 1274 712  0 -0.25255
242  1137 602 1274 712  0 -0.24603
243  1137 602 1274 712  0 -0.32320
244  1137 588 1274 712  0 -0.37102
245  1137 588 1274 712  0 -0.38340
246  1137 602 1274 712  0 -0.34498
