# format: <frame> <x1> <y1> <x2> <y2> <pose> <score>
#
# id: 1
# avgscore: -0.111461
# length: 17
1  482 159 609 285  0 -0.10009
2  482 159 609 285  0 -0.08979
3  481 163 604 285  15 -0.08494
4  482 152 602 285  0 -0.04430
5  481 157 604 285  15 -0.04990
6  475 145 602 278  0 -0.04254
7  475 145 602 278  0 0.05248
8  468 145 595 278  0 0.02872
9  469 138 592 273  0 0.09649
10  469 138 592 273  15 0.13550
11  469 144 592 279  0 0.01230
12  475 152 602 285  0 -0.11270
13  475 159 602 285  0 -0.18660
14  482 159 609 285  0 -0.29451
15  487 163 610 285  15 -0.32942
16  461 166 609 292  45 -0.39691
17  463 169 616 285  45 -0.48863

# id: 2
# avgscore: -0.494037
# length: 24
4  83 520 190 638  0 -0.54443
5  78 520 190 638  0 -0.56786
6  69 523 150 618  15 -0.58124
9  72 526 190 632  15 -0.53952
15  83 526 190 638  0 -0.56539
16  58 523 147 625  30 -0.57629
19  69 526 150 621  15 -0.58931
20  72 526 153 621  0 -0.47101
21  58 523 147 625  30 -0.55076
22  83 533 153 618  0 -0.40793
23  63 523 147 625  30 -0.48654
24  72 523 165 625  15 -0.43491
25  75 524 168 621  0 -0.46423
26  72 523 165 625  0 -0.40165
27  71 520 152 625  15 -0.45074
28  87 533 153 621  0 -0.42237
29  46 526 147 627  30 -0.45786
30  75 532 168 621  0 -0.54935
31  58 523 147 625  30 -0.55683
32  58 523 151 625  45 -0.48763
33  63 523 147 625  30 -0.41570
34  69 523 150 621  15 -0.43618
35  71 520 152 621  15 -0.43222
36  75 524 164 621  0 -0.46694

# id: 3
# avgscore: -0.562912
# length: 5
11  20 333 72 385  90 -0.54050
12  11 333 72 388  90 -0.56579
13  11 333 72 388  90 -0.53579
19  11 333 72 388  90 -0.57582
36  11 330 63 376  60 -0.59666

# id: 4
# avgscore: -0.566775
# length: 4
11  223 468 284 548  0 -0.55448
12  223 468 284 548  0 -0.55956
15  219 471 287 550  0 -0.57353
18  219 471 281 547  0 -0.57953
