# format: <frame> <x1> <y1> <x2> <y2> <pose> <score>
#
# id: 1
# avgscore: 0.148264
# length: 30
217  463 144 579 267  45 0.25854
218  463 144 579 267  45 0.27220
219  460 144 576 267  45 0.18797
220  461 145 574 271  45 0.25192
221  461 145 574 271  45 0.18899
222  458 149 571 275  45 0.13676
223  458 149 571 275  45 0.12625
224  454 152 567 271  45 0.15215
225  454 152 567 271  45 0.18658
226  454 145 567 271  45 0.15375
227  461 145 567 271  45 0.13297
228  461 152 567 271  45 0.15474
229  461 152 567 271  45 0.21116
230  458 152 571 271  45 0.14547
231  461 149 574 268  45 0.10552
232  461 152 574 271  45 0.01732
233  461 152 574 271  45 0.09336
234  461 152 574 271  45 0.13591
235  461 152 574 271  45 0.12564
236  461 152 574 271  45 0.08536
237  461 152 574 271  45 0.13727
238  461 152 574 271  45 0.10788
239  465 152 578 271  45 0.11767
240  468 152 581 271  45 0.14202
241  468 152 581 271  45 0.17480
242  469 150 579 273  45 0.13431
243  469 150 579 273  45 0.10908
244  470 150 580 273  45 0.12006
245  474 152 587 271  45 0.11850
246  475 152 595 271  45 0.16377

# id: 2
# avgscore: -0.353540
# length: 30
217  1088 588 1214 709  -30 -0.09598
218  1087 593 1216 710  -30 -0.11044
219  1096 597 1225 711  0 -0.39110
220  1088 595 1241 712  -30 -0.47957
221  1095 595 1242 712  0 -0.55530
222  1102 595 1249 712  0 -0.55304
223  1105 595 1251 712  0 -2.00000
224  1108 595 1252 712  0 -2.00000
225  1110 595 1254 712  0 -2.00000
226  1116 595 1257 712  0 -0.47030
227  1116 595 1257 712  0 -0.44048
228  1123 595 1263 712  0 -0.53957
229  1123 595 1263 712  0 -0.49717
230  1123 595 1263 712  0 -0.58188
231  1125 595 1265 712  0 -0.52229
232  1128 595 1267 712  0 -0.49614
233  1129 595 1268 712  0 -0.35646
234  1129 588 1268 712  0 -0.21711
235  1130 588 1267 712  0 -0.20359
236  1130 588 1267 712  0 -0.23387
237  1130 588 1267 712  0 -0.22340
238  1130 602 1270 712  0 -0.18272
239  1134 602 1271 712  0 -0.21485
240  1137 602 1274 712  0 -0.25915
241  1137 602 1274 712  0 -0.25255
242  1137 602 1274 712  0 -0.24603
243  1137 602 1274 712  0 -0.32320
244  1137 588 1274 712  0 -0.37102
245  1137 588 1274 712  0 -0.38340
246  1137 602 1274 712  0 -0.34498
