# format: <frame> <x1> <y1> <x2> <y2> <pose> <score>
#
# id: 1
# avgscore: -0.056103
# length: 45
143  421 226 504 304  30 -0.46273
144  426 227 509 308  45 -0.24400
145  430 229 514 310  30 -0.30228
146  438 230 519 309  30 -0.23624
147  441 229 522 305  0 -0.27366
148  448 229 525 297  45 -0.32383
149  449 230 523 297  45 -0.34570
150  456 231 526 298  45 -0.34942
151  458 240 528 307  45 -0.27695
152  456 242 530 312  45 -0.35911
153  451 239 535 318  30 -0.21128
154  446 235 539 323  0 -0.08697
155  446 232 539 316  0 -0.05593
156  439 230 532 314  0 -0.10064
157  431 228 524 312  0 -0.15169
158  423 229 516 310  0 0.01870
159  413 226 510 314  0 0.08021
160  402 229 499 312  0 0.00989
161  397 226 499 314  0 0.01269
162  397 226 499 314  0 -0.08674
163  397 226 499 314  0 -0.00225
164  402 226 504 314  0 -0.03629
165  402 226 504 314  0 0.02443
166  407 221 513 309  0 -0.00856
167  414 211 526 307  0 0.05762
168  424 206 536 302  0 -0.04525
169  435 195 542 291  0 0.02155
170  446 184 552 280  0 0.11141
171  453 170 555 267  15 0.22810
172  457 158 558 259  30 0.27544
173  470 150 566 251  45 0.31118
174  483 147 579 254  45 -0.04717
175  483 149 579 253  45 0.01569
176  481 154 579 258  60 0.05321
177  477 157 583 255  60 0.04650
178  480 152 590 250  60 0.16166
179  479 145 592 250  60 0.20060
180  482 145 595 250  60 0.06931
181  481 144 598 248  75 0.05016
182  487 144 598 248  60 0.05116
183  487 144 593 248  90 -0.11289
184  487 144 593 248  75 -0.13441
185  481 144 586 248  60 -0.08256
186  481 144 585 248  90 -0.00183
187  494 144 585 248  90 0.01423

# id: 2
# avgscore: -0.141925
# length: 37
151  1176 526 1262 654  0 -0.51267
152  1155 526 1268 654  0 -0.44526
153  1141 524 1254 659  0 -0.48045
154  1118 530 1229 696  0 -0.36795
155  1094 530 1205 696  0 -0.27763
156  1081 512 1207 652  0 -0.30856
157  1059 530 1185 634  0 -0.19270
158  1030 532 1158 633  45 -0.19106
159  1024 528 1136 629  15 -0.23600
160  1008 528 1136 629  0 -0.32714
161  975 518 1085 677  0 -0.37151
162  950 518 1066 677  0 -0.43215
163  941 510 1057 650  0 -0.36235
164  927 507 1044 642  0 -0.02813
165  910 500 1027 628  0 -0.44136
166  904 506 1016 616  -15 -0.31654
167  898 506 1008 616  -30 -0.23674
168  892 506 1002 616  -30 -0.06976
169  884 504 994 611  -30 -0.09503
170  875 504 987 611  -30 -0.07991
171  871 494 981 610  -30 -0.06896
172  866 490 978 608  -30 -0.10378
173  863 487 973 610  -15 -0.13071
174  860 487 972 610  -30 -0.04753
175  844 487 964 628  0 0.00467
176  841 483 961 637  0 -0.00859
177  838 482 958 637  0 -0.00542
178  813 483 947 637  0 0.05832
179  813 488 947 617  0 0.05974
180  818 488 935 617  0 0.07108
181  819 487 935 622  0 0.07966
182  812 487 928 622  0 0.09216
183  812 487 928 610  0 0.08204
184  808 488 920 606  0 0.05992
185  803 487 919 610  0 0.13202
186  803 487 913 610  0 0.09714
187  800 487 910 610  0 0.14992
