# format: <frame> <x1> <y1> <x2> <y2> <pose> <score>
#
# id: 1
# avgscore: 0.989736
# length: 49
1121  363 166 496 299  0 0.97827
1122  363 166 496 299  0 0.97049
1123  363 166 496 299  0 0.97241
1124  363 166 496 299  0 0.90746
1125  363 166 496 299  0 0.95591
1126  363 166 496 299  0 0.99562
1127  363 166 496 299  0 0.97465
1128  363 166 496 299  0 0.96375
1129  363 166 496 299  0 1.02350
1130  363 166 496 299  0 0.95701
1131  363 166 496 299  0 0.94363
1132  363 166 496 299  0 1.00576
1133  356 166 496 299  0 1.04632
1134  363 166 496 299  0 0.99222
1135  363 166 496 299  0 1.08010
1136  363 166 496 299  0 1.05596
1137  363 166 496 299  0 1.08359
1138  363 166 496 299  0 1.09012
1139  363 166 504 299  0 1.08487
1140  363 166 496 299  0 1.13163
1141  363 166 496 299  0 1.11970
1142  365 163 500 297  15 1.10073
1143  365 163 500 297  15 1.04831
1144  363 166 496 299  0 1.05760
1145  359 163 500 297  15 1.08610
1146  363 166 504 299  0 1.09052
1147  363 166 496 299  0 1.12044
1148  363 166 496 299  0 1.06351
1149  363 166 496 299  0 1.08761
1150  363 166 496 292  0 1.16026
1151  363 166 496 299  0 0.96065
1152  356 166 496 299  0 0.94097
1153  356 159 496 299  0 0.85965
1154  356 166 496 292  0 0.84019
1155  356 166 496 292  0 0.98312
1156  356 166 496 292  0 0.96673
1157  356 166 496 292  0 0.96691
1158  356 166 496 292  0 0.99875
1159  356 166 489 292  0 0.97654
1160  356 166 489 292  0 0.92630
1161  356 166 489 292  0 0.96779
1162  356 159 489 292  0 0.93307
1163  356 166 489 292  0 0.89208
1164  356 166 489 292  0 0.88274
1165  356 166 496 292  0 0.88747
1166  352 158 489 295  0 0.82783
1167  349 166 489 292  0 0.87961
1168  356 166 489 292  0 0.86614
1169  349 166 489 292  0 0.79246

# id: 2
# avgscore: -0.003019
# length: 16
1121  813 246 989 432  0 0.42711
1122  804 246 980 432  0 0.41505
1123  806 251 987 432  0 0.42574
1124  806 251 976 432  0 0.38697
1125  806 251 976 432  0 0.45508
1126  806 251 976 432  0 0.35920
1127  806 251 976 432  0 0.23464
1128  794 256 980 432  0 0.05700
1129  794 265 980 432  0 -0.06567
1130  791 227 1072 435  -45 -0.23842
1131  785 265 961 441  0 -0.28526
1132  785 265 999 441  -30 -0.28879
1133  785 274 999 451  -30 -0.38815
1134  774 283 998 454  -30 -0.43438
1135  776 274 989 451  -30 -0.51321
1136  778 288 987 448  -60 -0.59522

# id: 3
# avgscore: -0.596970
# length: 1
1124  160 210 238 273  0 -0.59697

# id: 4
# avgscore: -0.585490
# length: 1
1130  146 305 196 365  -90 -0.58549

# id: 5
# avgscore: -0.539188
# length: 4
1137  802 338 855 370  -60 -0.55794
1139  791 346 831 383  -60 -0.51160
1140  788 351 834 383  -60 -0.54571
1141  786 356 826 394  -90 -0.54150

# id: 6
# avgscore: -0.557813
# length: 8
1137  68 615 122 666  30 -0.57452
1140  68 615 122 666  30 -0.59689
1161  79 612 140 674  15 -0.59073
1162  79 612 140 671  15 -0.51057
1163  63 611 121 667  45 -0.50185
1164  66 611 121 673  45 -0.54923
1165  66 611 121 673  45 -0.55800
1166  69 611 121 673  45 -0.58071

# id: 7
# avgscore: -0.538830
# length: 1
1138  798 333 850 373  -60 -0.53883

# id: 8
# avgscore: -0.548100
# length: 1
1139  1013 210 1062 290  -30 -0.54810

# id: 9
# avgscore: -0.591490
# length: 1
1140  253 529 290 584  -60 -0.59149

# id: 10
# avgscore: -0.448517
# length: 18
1150  899 417 970 498  0 -0.50889
1152  896 417 970 498  0 -0.50696
1153  896 417 970 498  0 -0.43975
1154  892 417 970 498  0 -0.41129
1155  892 417 963 498  0 -0.40456
1156  882 417 959 495  15 -0.29638
1157  882 417 966 495  0 -0.53831
1158  882 417 959 495  0 -0.44822
1159  882 417 966 495  0 -0.40009
1160  882 414 959 491  0 -0.31065
1161  883 415 960 495  0 -0.36030
1162  882 414 959 495  0 -0.38941
1163  892 410 966 491  -15 -0.44092
1164  888 411 964 491  0 -0.54228
1165  888 411 968 491  -15 -0.47797
1166  889 410 966 488  0 -0.47856
1167  888 411 964 495  0 -0.56520
1169  899 410 970 498  0 -0.55357

# id: 11
# avgscore: -0.533590
# length: 1
1155  946 252 994 327  15 -0.53359

# id: 12
# avgscore: -0.523580
# length: 1
1156  948 279 994 324  30 -0.52358

# id: 13
# avgscore: -0.408810
# length: 1
1157  946 279 994 324  30 -0.40881

# id: 14
# avgscore: -0.581930
# length: 1
1157  716 266 769 329  -90 -0.58193

# id: 15
# avgscore: -0.468830
# length: 1
1159  946 276 994 324  30 -0.46883
