# format: <frame> <x1> <y1> <x2> <y2> <pose> <score>
#
# id: 1
# avgscore: 0.440522
# length: 76
385  420 150 524 267  30 0.24165
386  420 157 524 274  30 0.21494
387  420 160 524 276  30 0.30433
388  429 162 527 274  0 0.32552
389  430 163 536 273  30 0.35112
390  435 165 540 272  30 0.34138
391  438 166 543 276  30 0.41508
392  444 169 549 279  30 0.35978
393  451 169 556 279  30 0.38486
394  451 166 561 276  30 0.38506
395  457 163 567 279  30 0.35496
396  463 163 573 279  30 0.45546
397  463 163 573 279  30 0.44098
398  469 165 579 277  30 0.37707
399  469 162 579 274  30 0.49918
400  469 157 579 273  30 0.49181
401  469 157 579 273  30 0.43819
402  469 157 579 267  30 0.49824
403  469 157 579 267  30 0.47885
404  463 153 573 272  30 0.46790
405  460 157 576 279  30 0.47184
406  459 163 572 285  30 0.44671
407  454 163 567 285  30 0.49876
408  450 166 563 285  30 0.47071
409  440 163 553 285  30 0.61057
410  438 163 555 285  30 0.54376
411  432 163 549 285  30 0.50115
412  426 163 543 285  30 0.51064
413  426 160 543 282  30 0.47707
414  420 157 537 279  30 0.50322
415  414 154 530 277  30 0.47625
416  412 150 532 273  30 0.48756
417  405 150 525 273  30 0.63384
418  405 145 525 271  30 0.47200
419  404 145 520 271  30 0.54600
420  404 140 517 266  30 0.54328
421  398 138 511 264  30 0.49528
422  398 131 511 257  30 0.50490
423  398 131 511 257  30 0.51064
424  391 123 511 250  30 0.48281
425  391 119 511 247  45 0.38394
426  395 114 507 242  30 0.37882
427  388 109 500 236  45 0.36790
428  384 106 504 233  30 0.30689
429  384 109 504 229  30 0.34604
430  389 109 506 236  45 0.40498
431  389 113 506 233  30 0.39317
432  391 120 504 242  45 0.54043
433  392 123 509 243  30 0.57062
434  398 126 509 242  30 0.59923
435  402 126 512 242  30 0.63045
436  402 126 512 242  30 0.53669
437  408 126 518 242  30 0.49825
438  408 126 518 242  30 0.44563
439  408 124 518 244  45 0.42911
440  408 127 518 247  45 0.41521
441  417 132 527 242  30 0.37777
442  420 132 530 242  30 0.36272
443  423 135 533 245  30 0.32355
444  426 135 536 251  30 0.28335
445  426 137 536 254  30 0.32455
446  431 138 542 255  15 0.34300
447  432 138 543 255  30 0.38041
448  432 138 543 255  30 0.42658
449  432 144 549 267  0 0.40260
450  432 144 549 273  0 0.38895
451  432 144 549 273  0 0.44489
452  431 150 551 273  0 0.33124
453  434 152 554 271  30 0.42627
454  438 150 549 267  30 0.47472
455  438 150 549 267  30 0.51367
456  438 150 549 267  30 0.48588
457  438 150 549 267  30 0.49837
458  438 150 555 267  45 0.45856
459  438 150 555 267  45 0.48250
460  438 150 555 267  45 0.48941

# id: 2
# avgscore: -0.271946
# length: 16
385  912 489 1024 630  0 -0.14468
386  867 502 1020 618  15 -0.17813
387  867 503 1020 619  15 -0.30069
388  910 503 1020 619  0 -0.24855
389  910 500 1020 616  0 -0.27195
390  910 500 1020 616  0 -0.25820
391  909 494 1021 610  0 -0.26785
392  904 488 1020 617  0 -0.27247
393  904 488 1020 617  0 -0.26213
394  904 487 1027 622  0 -0.16005
395  904 487 1027 622  0 -0.27730
396  907 486 1030 627  0 -0.27977
397  916 487 1027 628  0 -0.20024
398  909 482 1035 630  0 -0.20559
399  914 487 1037 635  0 -0.42604
400  916 487 1039 641  0 -0.59749
