# format: <frame> <x1> <y1> <x2> <y2> <pose> <score>
#
# id: 1
# avgscore: 0.236231
# length: 64
37  496 194 630 313  0 0.11045
38  496 194 630 321  0 0.20308
39  496 194 630 321  0 0.24697
40  496 194 630 321  0 0.26098
41  496 194 630 321  0 0.24820
42  496 187 630 321  0 0.14913
43  504 183 630 318  0 0.08791
44  496 180 630 321  0 0.08932
45  500 181 628 316  0 0.09474
46  496 180 630 321  0 -0.01163
47  496 180 630 321  0 0.08450
48  496 180 630 321  0 0.29830
49  496 180 630 321  0 0.33542
50  496 180 630 321  0 0.32563
51  496 180 630 321  0 0.30627
52  496 180 630 321  0 0.32968
53  496 180 630 321  0 0.38419
54  496 180 630 321  0 0.24297
55  500 180 634 321  0 0.23120
56  506 181 634 316  0 0.17458
57  506 181 634 316  0 0.19207
58  504 180 637 321  0 0.30314
59  504 180 637 321  0 0.31059
60  504 180 637 321  0 0.34944
61  504 180 637 321  0 0.35995
62  508 180 641 321  0 0.27908
63  511 180 644 321  0 0.25737
64  511 180 644 321  0 0.29830
65  511 180 644 321  0 0.30476
66  511 180 644 321  0 0.37052
67  511 180 644 321  0 0.28197
68  511 180 644 321  0 0.39804
69  511 180 644 321  0 0.38218
70  511 180 644 321  0 0.25589
71  511 180 644 321  0 0.26612
72  511 180 651 321  0 0.28774
73  511 180 651 321  0 0.26683
74  511 180 651 321  0 0.28729
75  511 180 651 321  0 0.28974
76  511 180 651 321  0 0.30732
77  511 180 651 321  0 0.30950
78  511 180 651 321  0 0.32926
79  511 180 644 321  0 0.32267
80  511 180 651 321  0 0.29367
81  511 180 644 321  0 0.29485
82  511 180 644 321  0 0.25103
83  511 180 644 321  0 0.25674
84  511 180 637 321  0 0.22309
85  511 180 637 321  0 0.17491
86  511 180 644 321  0 0.14094
87  511 180 644 321  0 0.16210
88  511 180 644 313  0 0.21247
89  511 180 644 313  0 0.14494
90  512 181 641 310  0 0.15804
91  512 181 641 310  0 0.16751
92  511 180 644 313  0 0.18604
93  511 180 644 313  0 0.19139
94  511 180 644 313  0 0.20862
95  511 180 644 313  0 0.20252
96  511 180 644 313  0 0.18161
97  511 180 644 313  0 0.10829
98  511 180 644 313  0 0.12639
99  511 180 644 313  0 0.11527
100  511 180 644 313  0 0.11672
