# format: <frame> <x1> <y1> <x2> <y2> <pose> <score>
#
# id: 1
# avgscore: 0.989736
# length: 49
1121  363 166 496 299  0 0.97827
1122  363 166 496 299  0 0.97049
1123  363 166 496 299  0 0.97241
1124  363 166 496 299  0 0.90746
1125  363 166 496 299  0 0.95591
1126  363 166 496 299  0 0.99562
1127  363 166 496 299  0 0.97465
1128  363 166 496 299  0 0.96375
1129  363 166 496 299  0 1.02350
1130  363 166 496 299  0 0.95701
1131  363 166 496 299  0 0.94363
1132  363 166 496 299  0 1.00576
1133  363 166 496 299  0 1.04632
1134  363 166 496 299  0 0.99222
1135  363 166 496 299  0 1.08010
1136  363 166 496 299  0 1.05596
1137  363 166 496 299  0 1.08359
1138  363 166 496 299  0 1.09012
1139  363 166 496 299  0 1.08487
1140  363 166 496 299  0 1.13163
1141  363 166 496 299  0 1.11970
1142  365 163 500 297  15 1.10073
1143  365 163 500 297  15 1.04831
1144  362 163 497 297  0 1.05760
1145  359 166 500 299  15 1.08610
1146  359 166 500 299  0 1.09052
1147  363 166 496 299  0 1.12044
1148  363 166 496 299  0 1.06351
1149  363 166 496 299  0 1.08761
1150  363 166 496 299  0 1.16026
1151  363 166 496 299  0 0.96065
1152  356 166 496 299  0 0.94097
1153  356 163 496 296  0 0.85965
1154  356 166 496 292  0 0.84019
1155  356 166 496 292  0 0.98312
1156  356 166 496 292  0 0.96673
1157  356 166 496 292  0 0.96691
1158  356 166 496 292  0 0.99875
1159  356 166 489 292  0 0.97654
1160  356 166 489 292  0 0.92630
1161  356 166 489 292  0 0.96779
1162  356 166 489 292  0 0.93307
1163  356 166 489 292  0 0.89208
1164  356 166 489 292  0 0.88274
1165  354 166 491 292  0 0.88747
1166  351 166 491 292  0 0.82783
1167  352 166 489 292  0 0.87961
1168  349 166 489 292  0 0.86614
1169  349 166 489 292  0 0.79246

# id: 2
# avgscore: -0.003019
# length: 16
1121  813 246 989 432  0 0.42711
1122  809 246 985 432  0 0.41505
1123  804 251 980 432  0 0.42574
1124  806 251 976 432  0 0.38697
1125  806 251 976 432  0 0.45508
1126  806 251 976 432  0 0.35920
1127  806 251 976 432  0 0.23464
1128  794 256 980 432  0 0.05700
1129  794 256 980 432  0 -0.06567
1130  794 261 980 437  -45 -0.23842
1131  785 265 999 441  0 -0.28526
1132  785 265 999 441  -30 -0.28879
1133  785 275 999 451  -30 -0.38815
1134  779 274 993 451  -30 -0.43438
1135  776 283 989 454  -30 -0.51321
1136  778 288 987 448  -60 -0.59522

# id: 10
# avgscore: -0.448517
# length: 20
1150  899 417 970 498  0 -0.50889
1151  898 417 970 498  0 -2.00000
1152  896 417 970 498  0 -0.50696
1153  896 417 970 498  0 -0.43975
1154  894 417 968 498  0 -0.41129
1155  889 417 966 498  0 -0.40456
1156  886 417 963 495  15 -0.29638
1157  882 417 959 495  0 -0.53831
1158  882 417 966 495  0 -0.44822
1159  882 417 959 495  0 -0.40009
1160  883 416 960 494  0 -0.31065
1161  882 415 959 495  0 -0.36030
1162  883 414 960 495  0 -0.38941
1163  888 411 964 492  -15 -0.44092
1164  890 411 966 491  0 -0.54228
1165  889 411 966 491  -15 -0.47797
1166  889 411 966 491  0 -0.47856
1167  890 411 966 495  0 -0.56520
1168  892 411 966 496  0 -2.00000
1169  899 410 970 498  0 -0.55357
