# format: <frame> <x1> <y1> <x2> <y2> <pose> <score>
#
# id: 1
# avgscore: 0.050535
# length: 282
1000001303  286 110 387 206  -30 0.24895
1000001304  291 110 387 206  -30 0.19728
1000001305  291 110 387 206  -30 0.19627
1000001306  291 110 387 206  -30 0.20215
1000001307  286 110 387 206  -30 0.30387
1000001308  286 110 387 206  -30 0.29749
1000001309  285 114 389 206  -30 0.30822
1000001310  286 110 387 206  -30 0.30468
1000001311  286 110 387 206  -30 0.31814
1000001312  286 110 387 206  -30 0.31316
1000001313  286 110 387 206  -30 0.33189
1000001314  286 115 387 206  -30 0.33222
1000001315  285 114 389 206  -30 0.34506
1000001316  285 114 389 206  -30 0.39204
1000001317  285 114 389 206  -30 0.39228
1000001318  286 110 387 206  -30 0.43932
1000001319  285 114 389 206  -30 0.39383
1000001320  285 114 389 206  -30 0.44698
1000001321  291 110 387 206  -30 0.50156
1000001322  291 110 387 206  -30 0.49144
1000001323  291 110 387 206  -30 0.49519
1000001324  291 110 387 206  -30 0.49748
1000001325  291 110 387 206  -30 0.50024
1000001326  291 108 389 206  -30 0.38945
1000001327  291 108 389 206  -30 0.35372
1000001328  291 110 392 206  -30 0.34313
1000001329  291 110 392 206  -30 0.34036
1000001330  291 110 392 206  -30 0.35223
1000001331  291 110 392 200  -30 0.41346
1000001332  291 104 398 200  -30 0.48069
1000001333  286 104 392 200  -30 0.39983
1000001334  286 99 398 200  -30 0.39432
1000001335  286 99 398 200  -30 0.40017
1000001336  285 95 402 199  -30 0.50711
1000001337  279 95 408 193  -30 0.63123
1000001338  285 95 389 193  -30 0.39084
1000001339  286 88 398 190  -30 0.42814
1000001340  273 89 389 187  -30 0.40393
1000001341  279 89 389 187  -30 0.30965
1000001342  267 83 389 181  -30 0.48783
1000001343  275 83 382 179  -30 0.52871
1000001344  273 83 389 175  -30 0.39073
1000001345  264 78 376 174  -30 0.53355
1000001346  248 78 355 168  0 0.40543
1000001347  248 78 360 168  0 0.41884
1000001348  259 78 371 168  -30 0.51718
1000001349  254 78 366 168  -30 0.15289
1000001350  248 78 360 163  -30 0.23074
1000001351  232 78 339 168  0 0.08630
1000001352  227 72 334 168  0 0.27651
1000001353  227 72 334 168  0 0.28322
1000001354  224 77 353 169  -30 0.01076
1000001355  218 71 340 169  -30 0.10706
1000001356  211 72 334 163  -15 -0.05084
1000001357  206 71 328 169  -30 -0.06016
1000001358  226 72 304 170  -30 -0.09106
1000001359  226 72 304 170  -30 -0.09806
1000001360  199 77 328 169  -30 0.02348
1000001361  193 77 334 169  -30 -0.11142
1000001362  190 78 291 168  -15 -0.05057
1000001363  181 77 304 169  -15 -0.03428
1000001364  174 78 280 174  -15 -0.17489
1000001365  179 78 280 174  -15 -0.17242
1000001366  168 83 275 179  -15 -0.09381
1000001367  184 88 275 184  -30 -0.20046
1000001368  174 82 263 179  -15 -0.33340
1000001369  150 89 261 187  -15 -0.34124
1000001370  147 99 254 190  0 -0.51734
1000001371  151 86 249 193  15 -0.54622
1000001372  147 100 249 193  0 -0.59555
1000001373  142 99 243 195  0 -0.48715
1000001374  136 94 248 200  -15 -0.50758
1000001375  120 95 230 199  30 -0.56495
1000001376  126 104 232 200  0 -0.54121
1000001377  126 104 232 200  0 -0.52642
1000001378  126 99 238 200  -15 -0.51597
1000001381  110 104 216 200  -15 -0.53242
1000001382  120 99 216 206  -15 -0.47809
1000001383  120 99 216 206  -15 -0.48180
1000001384  104 99 216 200  -15 -0.39265
1000001385  104 99 211 206  -15 -0.46179
1000001386  101 108 206 206  -15 -0.56447
1000001387  94 110 206 206  0 -0.53952
1000001390  94 104 206 206  -15 -0.47438
1000001391  99 104 211 206  -15 -0.38050
1000001392  94 115 206 211  -15 -0.46233
1000001393  89 120 193 212  30 -0.51098
1000001395  99 120 195 211  0 -0.59948
1000001396  99 115 200 211  0 -0.38149
1000001397  99 110 206 211  0 -0.29638
1000001398  95 108 242 218  -15 -0.38034
1000001399  99 110 211 211  -15 -0.36315
1000001400  119 114 212 216  -15 -0.45982
1000001401  119 114 212 216  -15 -0.45293
1000001402  95 101 212 218  0 -0.47864
1000001403  104 115 211 216  0 -0.37717
1000001404  110 110 216 216  -15 -0.42821
1000001405  114 120 248 218  -15 -0.40884
1000001406  110 110 232 216  -15 -0.24255
1000001407  110 110 232 216  -15 -0.22872
1000001408  115 115 227 216  0 -0.46073
1000001409  120 110 232 211  -15 -0.47712
1000001410  120 110 232 211  -15 -0.49790
1000001411  126 115 232 211  -15 -0.33053
1000001412  126 120 227 216  0 -0.27159
1000001413  126 120 227 216  0 -0.27229
1000001414  126 110 232 211  -15 -0.45970
1000001415  131 110 243 211  -15 -0.32813
1000001416  131 110 243 211  -15 -0.42277
1000001417  136 110 243 211  -15 -0.32946
1000001418  136 110 243 211  0 -0.37725
1000001419  136 110 243 211  0 -0.37761
1000001420  136 120 243 216  0 -0.25450
1000001421  142 115 248 211  -15 -0.34719
1000001422  142 110 243 216  0 -0.31924
1000001423  144 108 279 218  -15 -0.34136
1000001424  147 110 254 211  -15 -0.36211
1000001425  142 110 248 216  0 -0.37408
1000001426  165 109 258 212  -15 -0.37267
1000001427  152 110 259 211  -15 -0.39627
1000001428  152 115 259 211  0 -0.40894
1000001429  152 110 259 211  -15 -0.21978
1000001430  158 115 259 211  0 -0.15230
1000001431  158 115 259 216  0 -0.15521
1000001432  158 115 270 211  -15 -0.14325
1000001433  163 114 297 218  -15 -0.36656
1000001434  174 110 270 216  -15 -0.24439
1000001435  163 110 264 211  0 -0.26884
1000001436  168 115 275 211  0 -0.36462
1000001437  168 115 275 211  0 -0.36804
1000001438  179 110 280 211  -15 -0.44778
1000001439  168 115 275 211  0 -0.48430
1000001440  168 115 275 211  0 -0.15968
1000001441  174 115 275 211  0 -0.18552
1000001442  179 128 272 212  0 -0.22966
1000001443  179 128 272 212  0 -0.22850
1000001444  169 108 297 218  0 -0.31698
1000001445  193 114 316 218  -30 -0.24058
1000001446  179 115 286 211  0 -0.42340
1000001447  184 110 286 216  0 -0.29397
1000001448  175 108 285 218  0 -0.19274
1000001449  175 108 285 218  0 -0.19594
1000001450  179 115 280 216  0 -0.13770
1000001451  184 115 291 216  0 -0.23342
1000001452  181 114 322 218  -15 -0.10310
1000001453  181 114 322 218  -15 -0.19252
1000001454  175 108 322 212  0 -0.25573
1000001455  175 108 322 212  0 -0.23809
1000001456  181 114 322 218  -15 -0.23337
1000001457  187 114 322 218  -15 -0.18089
1000001458  187 114 328 218  -15 -0.24249
1000001459  184 115 291 216  0 -0.32475
1000001460  187 114 316 218  -15 -0.17099
1000001461  187 114 316 218  -15 -0.16998
1000001462  175 101 291 212  0 -0.21463
1000001463  200 104 296 211  -15 -0.20082
1000001464  200 104 296 211  -15 -0.15255
1000001465  206 108 328 212  -30 -0.26994
1000001466  206 108 328 212  -30 -0.15939
1000001467  206 108 328 212  -30 -0.14155
1000001468  206 104 318 211  -30 -0.00839
1000001469  206 110 296 211  -30 -0.07065
1000001470  187 108 328 206  -15 -0.05634
1000001471  206 110 312 206  -15 0.01311
1000001472  187 101 316 206  0 -0.18131
1000001473  187 101 316 206  0 -0.17629
1000001474  187 101 316 206  0 -0.05742
1000001475  193 101 316 206  -15 0.01245
1000001476  193 101 316 206  -15 0.00682
1000001477  193 101 322 206  -15 0.03622
1000001478  211 99 312 200  -30 0.23923
1000001479  216 99 312 200  -30 0.25244
1000001480  206 95 322 199  -15 0.17774
1000001481  211 99 323 195  -15 0.29422
1000001482  206 83 302 195  0 0.31065
1000001483  216 94 323 195  -15 0.26168
1000001484  224 95 346 193  -30 0.14153
1000001485  224 95 346 193  -30 0.13431
1000001486  227 94 328 195  -30 0.14664
1000001487  222 94 334 190  -15 0.33259
1000001488  230 96 314 193  -30 0.34210
1000001489  232 94 334 190  -30 0.32615
1000001490  232 94 339 190  -30 0.31116
1000001491  232 94 339 190  -30 0.32373
1000001492  232 94 334 190  -30 0.30794
1000001493  227 94 339 190  -15 0.35025
1000001494  222 78 328 184  0 0.36167
1000001495  238 94 350 190  -30 0.35189
1000001496  230 95 365 187  -30 0.41566
1000001497  230 95 365 187  -30 0.41637
1000001498  232 78 334 184  0 0.37385
1000001499  236 89 359 187  -30 0.33896
1000001500  248 94 355 184  -30 0.37582
1000001501  236 89 359 187  -30 0.27294
1000001502  236 71 340 187  0 0.38334
1000001503  242 89 377 187  -30 0.38991
1000001504  242 89 365 187  -30 0.37047
1000001505  248 94 355 184  -30 0.39043
1000001506  248 94 360 184  -30 0.54207
1000001507  232 78 339 184  0 0.51830
1000001508  230 77 334 187  0 0.36436
1000001509  230 77 334 187  0 0.37972
1000001510  243 94 350 184  -15 0.38758
1000001511  243 94 350 190  -30 0.35385
1000001512  243 94 350 190  -30 0.45618
1000001513  238 94 344 190  -15 0.45187
1000001514  238 94 344 190  -30 0.33860
1000001515  238 99 344 190  -30 0.37337
1000001516  238 99 344 190  -30 0.44386
1000001517  230 95 346 193  -30 0.50542
1000001518  232 99 339 195  -30 0.45748
1000001519  227 99 339 195  -30 0.60787
1000001520  227 99 339 195  -30 0.53522
1000001521  227 99 339 195  -30 0.54992
1000001522  227 99 334 195  -30 0.55014
1000001523  227 99 334 195  -30 0.42380
1000001524  227 99 328 195  -30 0.42279
1000001525  227 104 334 195  -30 0.48260
1000001526  227 104 334 195  -30 0.45134
1000001527  227 104 334 195  -30 0.45188
1000001528  224 101 334 199  -30 0.39283
1000001529  224 101 334 199  -30 0.36203
1000001530  224 101 334 199  -30 0.37118
1000001531  211 99 323 200  0 0.47464
1000001532  211 99 318 200  0 0.27609
1000001533  212 83 322 199  0 0.27246
1000001534  227 104 339 195  -30 0.34478
1000001535  230 101 346 199  -30 0.44147
1000001536  216 99 323 195  0 0.33791
1000001537  230 101 346 199  -30 0.37766
1000001538  230 101 353 199  -30 0.36524
1000001539  230 101 353 199  -30 0.35222
1000001540  218 83 322 199  0 0.44299
1000001541  218 83 322 199  0 0.33385
1000001542  218 89 340 199  0 0.23352
1000001543  222 99 328 200  0 0.22733
1000001544  218 77 322 199  0 0.19350
1000001545  222 99 328 200  0 0.19925
1000001546  222 99 328 200  0 0.20664
1000001547  218 101 328 199  0 0.20332
1000001548  218 101 328 199  0 0.19812
1000001549  218 77 322 199  0 0.04713
1000001550  222 83 318 200  0 0.12570
1000001551  222 83 318 195  0 0.15714
1000001552  222 83 318 195  0 0.20725
1000001553  222 83 318 195  0 0.18524
1000001554  222 83 318 195  0 0.17517
1000001555  222 83 318 195  0 0.32658
1000001556  222 83 318 195  0 0.21411
1000001557  222 83 318 195  0 0.23323
1000001558  222 83 318 195  0 0.21716
1000001559  230 101 365 199  -30 0.23716
1000001560  222 83 318 195  0 0.06263
1000001561  222 104 334 200  0 -0.05715
1000001562  222 99 323 195  0 -0.17667
1000001563  222 99 323 195  0 -0.14773
1000001564  222 99 323 195  0 -0.09772
1000001565  218 95 328 199  0 -0.04818
1000001566  218 95 328 199  0 0.07593
1000001567  218 89 328 199  0 0.14866
1000001568  222 99 323 200  0 0.18015
1000001569  222 99 323 200  0 0.18844
1000001570  232 99 323 195  -30 0.22931
1000001571  232 99 323 195  -30 0.19445
1000001572  230 101 365 199  -30 0.16005
1000001573  236 101 365 199  -30 0.12281
1000001574  230 96 318 193  -15 0.10704
1000001575  230 96 323 193  -15 0.10945
1000001576  218 101 334 199  0 0.11759
1000001577  212 89 334 199  0 0.10213
1000001578  227 99 328 195  -15 0.13785
1000001579  212 89 334 199  0 0.13586
1000001580  227 99 323 195  -15 0.00577
1000001581  227 99 323 195  -15 -0.04468
1000001582  212 89 334 199  0 0.04028
1000001583  212 89 334 199  0 0.05774
1000001584  212 89 334 199  0 0.07716
1000001585  227 99 328 200  -15 0.02322
1000001586  218 95 334 206  0 0.02555
1000001587  232 99 334 200  -30 0.04848
1000001588  232 99 328 200  -30 0.17546
1000001589  216 99 318 200  0 0.13978
