# format: <frame> <x1> <y1> <x2> <y2> <pose> <score>
#
# id: 1
# avgscore: 0.114656
# length: 206
1000002422  307 104 414 206  -30 0.03386
1000002423  307 104 414 206  -30 0.05893
1000002424  307 104 414 206  -30 -0.15348
1000002425  307 104 414 206  -30 -0.16973
1000002426  307 104 414 206  -30 -0.01275
1000002427  307 104 414 206  -30 -0.03680
1000002428  304 101 414 206  -30 -0.07168
1000002429  303 100 413 207  -30 -0.01717
1000002430  306 103 413 208  0 0.07058
1000002431  307 102 414 209  -30 0.03096
1000002432  307 99 414 206  -30 0.02507
1000002433  307 99 414 206  -30 0.02715
1000002434  307 104 414 206  -30 0.11477
1000002435  307 104 414 206  -30 0.03326
1000002436  307 99 414 206  -30 0.09980
1000002437  307 99 414 206  -30 -0.01631
1000002438  302 99 408 206  -15 0.11867
1000002439  302 99 408 206  -15 0.11853
1000002440  306 95 413 206  -30 -0.00872
1000002441  306 95 416 206  -30 -0.09630
1000002442  304 95 420 206  -30 0.08850
1000002443  304 95 420 206  -30 0.02399
1000002444  304 101 420 206  -30 0.02405
1000002445  304 101 420 206  -30 0.04611
1000002446  302 100 408 205  -15 -0.24291
1000002447  302 99 408 206  0 -0.16906
1000002448  307 99 414 206  -30 -0.12972
1000002449  307 99 414 206  -30 -0.02956
1000002450  307 99 403 206  -15 -0.04313
1000002451  307 99 403 206  -15 -0.03102
1000002452  307 99 403 206  -15 -0.00355
1000002453  305 99 406 206  -15 0.01244
1000002454  304 101 420 206  -30 -0.00372
1000002455  304 101 420 206  -30 0.04437
1000002456  304 101 420 206  -30 0.01596
1000002457  307 99 414 206  -30 0.00375
1000002458  305 99 417 206  -30 -0.00331
1000002459  305 99 412 206  -30 0.04143
1000002460  303 99 409 206  -30 0.23673
1000002461  303 97 407 203  -15 0.23137
1000002462  302 94 403 200  -15 0.18059
1000002463  302 94 403 200  -15 0.18843
1000002464  304 89 408 199  -30 0.25869
1000002465  304 89 420 199  -30 0.23615
1000002466  304 89 420 199  -30 -0.00156
1000002467  302 88 408 195  -30 0.15672
1000002468  302 88 398 195  -30 0.13246
1000002469  302 88 398 195  -30 0.14650
1000002470  296 88 398 195  -30 -0.06481
1000002471  296 89 398 193  -15 0.12093
1000002472  296 89 398 193  -30 0.15408
1000002473  296 88 398 195  -30 0.05474
1000002474  296 88 398 195  -30 -0.04566
1000002475  294 88 401 195  -30 -0.07019
1000002476  293 94 400 201  -15 -0.07401
1000002477  291 101 402 205  -30 0.17980
1000002478  294 110 401 212  -30 -0.24088
1000002479  291 120 403 222  -30 -0.22034
1000002480  291 120 403 222  0 -0.19795
1000002481  286 118 398 225  -30 -0.17876
1000002482  286 110 398 216  0 -0.24569
1000002483  283 107 395 213  0 0.02090
1000002484  286 104 392 206  0 0.07690
1000002485  286 99 392 201  -15 0.07740
1000002486  291 95 408 199  -30 0.28800
1000002487  291 95 408 199  -30 0.30340
1000002488  291 95 408 193  -30 0.31714
1000002489  291 95 395 193  -30 0.34722
1000002490  288 99 392 200  -30 0.34390
1000002491  285 101 395 206  -30 0.46433
1000002492  285 101 395 206  -30 0.33921
1000002493  286 104 387 200  -15 0.33329
1000002494  286 99 387 195  -15 0.32555
1000002495  289 94 390 195  -30 0.35763
1000002496  286 94 392 195  -30 0.28081
1000002497  287 94 393 195  -30 0.43305
1000002498  285 95 395 193  -30 0.35667
1000002499  285 95 395 193  -30 0.36015
1000002500  291 95 403 193  -30 0.26643
1000002501  289 98 406 196  -30 0.20846
1000002502  291 102 403 198  -30 0.10570
1000002503  291 103 403 201  -30 0.20645
1000002504  291 104 403 206  -30 0.13889
1000002505  291 104 403 206  -30 0.12336
1000002506  291 104 402 206  -30 0.14633
1000002507  293 104 400 206  -30 0.18786
1000002508  294 105 401 206  -30 0.06725
1000002509  296 104 403 206  -30 0.08854
1000002510  296 104 403 206  -30 0.02418
1000002511  296 104 403 206  -30 0.00759
1000002512  296 104 403 206  -30 0.00523
1000002513  296 104 403 206  -30 0.06988
1000002514  296 104 398 206  -30 -0.00657
1000002515  296 104 398 206  -30 0.05775
1000002516  296 104 398 206  -30 0.05479
1000002517  296 104 398 206  -30 0.05145
1000002518  296 104 398 206  -30 0.04085
1000002519  296 104 398 206  -30 0.09400
1000002520  299 104 401 206  -30 0.13129
1000002521  296 102 408 204  -30 0.08402
1000002522  297 101 426 199  -30 -0.08558
1000002523  297 101 426 199  -30 -0.07605
1000002524  296 99 403 200  0 0.15678
1000002525  296 97 403 198  0 0.17371
1000002526  296 94 403 200  -30 -0.00707
1000002527  294 94 401 200  0 0.09923
1000002528  286 94 398 200  0 0.09344
1000002529  286 94 398 200  0 0.15144
1000002530  288 94 400 200  0 0.26324
1000002531  289 94 401 201  0 0.16327
1000002532  291 99 403 206  0 0.30013
1000002533  291 104 403 206  0 0.42919
1000002534  286 104 403 206  15 0.08155
1000002535  286 104 403 206  15 0.06494
1000002536  286 104 403 206  15 0.03320
1000002537  302 104 409 200  0 -0.14933
1000002538  307 104 408 200  30 -0.41639
1000002539  310 104 406 200  45 -0.26137
1000002540  312 104 408 200  30 -0.17798
1000002541  312 104 408 200  30 -0.16731
1000002542  310 104 411 200  30 -0.18572
1000002543  310 107 412 203  45 -0.30052
1000002544  307 110 414 206  45 -0.27462
1000002545  310 110 412 206  45 -0.34011
1000002546  307 110 408 206  45 -0.46627
1000002547  307 110 408 206  45 -0.44518
1000002548  307 110 408 206  30 -0.30037
1000002549  307 110 403 206  30 -0.37506
1000002550  307 110 403 206  30 -0.39078
1000002551  307 112 403 208  30 -0.44210
1000002552  304 120 395 206  60 -0.46539
1000002553  304 120 395 206  60 -0.46959
1000002554  307 110 403 206  30 -0.33336
1000002555  307 110 403 206  45 -0.36404
1000002556  305 110 406 206  30 -0.36145
1000002557  302 110 403 206  45 -0.36362
1000002558  302 110 403 206  30 -0.31916
1000002559  302 110 403 206  30 -0.32364
1000002560  299 110 401 206  45 -0.20703
1000002561  296 107 398 203  30 -0.31272
1000002562  296 102 398 203  45 -0.17290
1000002563  290 99 388 200  30 -0.05845
1000002564  286 99 382 200  30 -0.20132
1000002565  285 97 383 198  30 -0.17862
1000002566  284 94 385 195  0 0.05094
1000002567  280 88 382 195  0 0.17570
1000002568  276 83 382 190  0 0.18409
1000002569  270 83 377 190  0 0.19372
1000002570  242 77 359 187  30 0.14045
1000002571  242 77 359 187  30 0.15867
1000002572  254 78 360 179  0 0.25335
1000002573  259 78 361 179  0 0.09920
1000002574  254 78 360 179  0 0.26184
1000002575  243 78 350 179  0 0.31746
1000002576  238 78 350 179  0 0.17275
1000002577  238 78 350 179  0 0.15435
1000002578  232 78 344 179  0 -0.02494
1000002579  227 78 344 179  0 -0.04513
1000002580  227 73 344 174  0 0.10950
1000002581  227 72 344 168  0 0.16973
1000002582  243 67 355 163  -30 0.22424
1000002583  243 67 355 163  -30 0.22155
1000002584  243 67 350 163  -30 0.24275
1000002585  227 67 334 163  0 0.52374
1000002586  225 65 337 166  0 0.41970
1000002587  236 65 353 169  -15 0.58795
1000002588  236 65 353 169  -15 0.61080
1000002589  236 65 353 169  -15 0.60077
1000002590  236 65 353 169  -15 0.58017
1000002591  230 67 353 168  0 0.46977
1000002592  222 71 339 169  -30 0.50406
1000002593  222 72 339 168  0 0.49735
1000002594  222 78 334 174  0 0.42628
1000002595  222 78 334 174  0 0.40182
1000002596  222 78 334 179  0 0.33293
1000002597  223 77 335 181  -30 0.28565
1000002598  231 77 341 181  0 0.29031
1000002599  231 78 341 179  -30 0.24572
1000002600  236 83 365 181  -30 0.38802
1000002601  236 83 365 181  -30 0.44680
1000002602  243 85 350 183  0 0.25309
1000002603  243 88 350 184  -15 0.56011
1000002604  243 88 350 184  -15 0.53756
1000002605  242 87 359 185  -30 0.52223
1000002606  242 83 359 181  -30 0.48367
1000002607  242 83 359 181  -30 0.49184
1000002608  242 83 359 181  -30 0.30310
1000002609  243 83 355 181  -30 0.47403
1000002610  243 83 355 184  -30 0.66487
1000002611  241 83 353 184  -30 0.43304
1000002612  238 88 350 184  -30 0.44065
1000002613  238 88 350 184  -30 0.44998
1000002614  238 88 350 184  -30 0.46125
1000002615  238 88 350 184  -30 0.47848
1000002616  238 88 350 184  -30 0.65392
1000002617  238 88 350 184  -30 0.46879
1000002618  238 88 350 184  -30 0.36564
1000002619  238 88 350 184  -30 0.36004
1000002620  238 88 350 184  -30 0.34605
1000002621  242 89 353 187  -30 0.43184
1000002622  242 89 353 187  -30 0.54318
1000002623  242 89 353 187  -30 0.47975
1000002624  243 88 339 184  -15 0.47171
1000002625  243 88 339 184  -15 0.47203
1000002626  239 90 343 186  -15 0.50483
1000002627  232 94 350 190  0 0.36851
