# format: <frame> <x1> <y1> <x2> <y2> <pose> <score>
#
# id: 1
# avgscore: -0.434435
# length: 33
1000002629  522 87 572 127  -30 -0.46244
1000002630  522 84 570 127  -30 -0.47880
1000002631  522 84 570 127  -30 -0.50154
1000002632  522 84 570 127  -30 -0.47745
1000002633  526 88 575 127  -30 -0.41173
1000002634  526 88 575 127  -30 -0.41722
1000002635  523 88 572 128  0 -0.54576
1000002636  522 87 572 127  -30 -0.56707
1000002637  522 87 572 127  -30 -0.55584
1000002638  522 87 572 127  -30 -0.56250
1000002639  522 86 572 129  -30 -2.00000
1000002640  522 86 571 131  -30 -2.00000
1000002641  522 84 570 135  0 -0.44974
1000002642  522 84 570 135  0 -0.41427
1000002643  522 84 570 135  0 -0.41300
1000002644  522 84 567 135  0 -0.42370
1000002645  522 84 567 135  0 -0.42077
1000002646  524 87 572 127  -30 -0.41231
1000002647  524 87 572 127  -30 -0.41066
1000002648  524 84 572 127  -30 -0.40037
1000002649  524 84 572 127  -30 -0.40036
1000002650  524 84 572 127  -30 -0.40036
1000002651  522 84 572 127  -30 -0.46013
1000002652  522 84 572 127  -30 -0.45538
1000002653  522 84 572 127  -30 -0.46255
1000002654  522 84 572 127  -30 -0.42821
1000002655  522 84 572 127  -30 -0.43432
1000002656  522 87 572 127  -30 -0.36854
1000002657  522 87 572 127  -30 -0.34799
1000002658  522 87 572 127  -30 -0.34799
1000002659  522 87 572 127  -30 -0.34799
1000002660  522 87 572 127  -30 -0.34785
1000002661  522 87 572 127  -30 -0.34066

# id: 2
# avgscore: -0.465304
# length: 17
1000002629  119 90 162 127  60 -0.47463
1000002630  119 87 164 130  60 -0.38594
1000002631  119 87 164 130  60 -0.40283
1000002632  124 88 167 131  60 -0.30967
1000002633  126 90 169 130  60 -0.53662
1000002641  125 90 169 130  75 -0.45090
1000002642  125 90 170 130  75 -2.00000
1000002643  127 90 170 129  75 -2.00000
1000002644  128 90 170 129  75 -2.00000
1000002645  129 90 170 128  75 -2.00000
1000002646  132 90 170 127  60 -0.45166
1000002647  132 90 170 127  60 -0.45352
1000002648  132 90 170 127  75 -0.56324
1000002649  132 90 170 130  60 -0.54400
1000002650  132 89 170 129  75 -0.48076
1000002651  132 87 170 130  90 -0.41429
1000002652  132 87 170 130  75 -0.58089
