# format: <frame> <x1> <y1> <x2> <y2> <pose> <score>
#
# id: 1
# avgscore: 0.484014
# length: 62
1000000001  207 100 300 188  0 1.05445
1000000002  209 100 302 188  0 1.15322
1000000003  212 100 300 188  0 1.13945
1000000004  211 100 303 188  0 1.12665
1000000005  212 100 304 188  0 1.12263
1000000006  212 100 304 188  0 1.01026
1000000007  217 100 309 193  0 0.86817
1000000008  217 100 309 193  0 0.76755
1000000009  217 100 309 193  0 0.60507
1000000010  216 100 309 193  0 0.59077
1000000011  216 100 309 193  0 0.62719
1000000012  215 99 311 195  0 0.58447
1000000013  216 99 312 195  0 0.60615
1000000014  216 99 312 195  0 0.54662
1000000015  216 99 312 195  0 0.54170
1000000016  216 99 312 195  0 0.47468
1000000017  216 102 312 193  0 0.49671
1000000018  216 104 312 190  0 0.44764
1000000019  216 104 312 190  0 0.40242
1000000020  221 103 310 188  0 0.32963
1000000021  221 103 310 188  0 0.33260
1000000022  221 103 310 188  -15 0.45087
1000000023  217 102 310 190  0 0.44912
1000000024  217 99 310 192  0 0.33897
1000000025  216 100 312 193  0 0.34654
1000000026  216 99 312 195  0 0.47658
1000000027  216 99 312 195  0 0.49528
1000000028  216 99 312 195  0 0.37114
1000000029  216 99 312 195  0 0.41438
1000000030  216 99 312 195  0 0.44019
1000000031  216 99 312 190  0 0.41126
1000000032  216 99 312 190  0 0.21022
1000000033  216 99 312 190  0 0.22691
1000000034  218 99 311 190  0 0.43117
1000000035  217 96 313 188  0 0.40767
1000000036  216 96 314 188  0 0.33697
1000000037  216 96 314 188  0 0.46427
1000000038  216 94 312 184  0 0.27805
1000000039  216 94 312 184  0 0.26053
1000000040  221 94 314 184  0 0.23107
1000000041  221 94 314 182  0 0.17950
1000000042  223 91 316 179  0 0.43779
1000000043  226 91 318 179  0 0.36451
1000000044  227 88 319 184  0 0.44262
1000000045  229 88 322 184  0 0.41542
1000000046  230 86 323 179  0 0.49069
1000000047  235 84 328 176  0 0.39661
1000000048  239 84 332 172  0 0.40893
1000000049  242 81 335 171  0 0.32974
1000000050  241 79 338 167  -30 0.34693
1000000051  246 78 342 168  0 0.33861
1000000052  248 79 345 164  -30 0.31465
1000000053  250 78 346 168  0 0.18299
1000000054  253 78 346 168  -30 0.31538
1000000055  258 77 351 170  0 0.44334
1000000056  258 77 351 170  -30 0.27798
1000000057  258 77 351 170  -30 0.32157
1000000058  259 78 350 168  -30 0.40768
1000000059  265 78 354 168  0 0.40592
1000000060  265 75 354 164  -30 0.41711
1000000061  265 75 354 165  -15 0.43016
1000000062  258 72 351 165  0 0.47149
