# format: <frame> <x1> <y1> <x2> <y2> <pose> <score>
#
# id: 1
# avgscore: -0.366133
# length: 21
1000002662  527 87 572 127  -30 -0.38451
1000002663  527 87 572 127  -30 -0.38451
1000002664  527 87 572 127  -30 -0.34166
1000002665  527 87 572 127  -30 -0.34166
1000002666  524 87 572 127  -30 -0.32711
1000002667  524 87 572 127  -30 -0.32711
1000002668  524 87 572 127  -30 -0.32733
1000002669  524 87 572 127  -30 -0.33110
1000002670  524 87 572 127  -30 -0.33110
1000002671  524 87 572 127  -30 -0.32411
1000002672  524 87 572 127  -30 -0.32777
1000002673  524 87 572 127  -30 -0.32777
1000002674  524 87 572 127  -30 -0.32986
1000002675  524 87 572 127  -30 -0.32986
1000002676  524 87 572 127  -30 -0.31807
1000002677  524 87 572 127  -30 -0.29716
1000002678  522 87 572 127  -30 -0.39325
1000002679  522 87 572 127  -30 -0.39325
1000002680  522 87 572 127  -30 -0.39314
1000002681  522 87 572 127  -30 -0.59554
1000002682  524 87 572 127  -30 -0.56292

# id: 2
# avgscore: -0.454798
# length: 15
1000002668  135 90 172 132  90 -0.44571
1000002669  135 90 172 130  75 -0.29833
1000002670  135 90 172 130  75 -0.50938
1000002671  135 90 172 130  75 -0.50455
1000002672  132 90 172 130  75 -0.55941
1000002673  132 90 172 130  75 -0.55941
1000002674  132 90 172 130  75 -0.25253
1000002675  125 88 171 130  75 -0.51481
1000002676  125 87 171 129  75 -2.00000
1000002677  127 87 170 127  60 -0.07601
1000002678  127 87 170 127  90 -0.53481
1000002679  127 87 170 127  90 -0.53481
1000002680  124 87 167 127  60 -0.48800
1000002681  124 82 167 127  90 -0.51527
1000002682  124 82 167 127  90 -0.57414
