# format: <frame> <x1> <y1> <x2> <y2> <pose> <score>
#
# id: 1
# avgscore: 0.471587
# length: 103
1000000063  258 72 351 165  0 0.41468
1000000064  270 72 355 168  -30 0.43564
1000000065  270 72 355 168  -30 0.36997
1000000066  270 72 355 168  -30 0.24382
1000000067  270 72 355 163  -30 0.36725
1000000068  264 72 355 163  -30 0.41972
1000000069  264 72 355 163  -30 0.42600
1000000070  264 72 355 163  -30 0.26064
1000000071  270 72 355 163  -30 0.21372
1000000072  264 72 355 163  -30 0.39068
1000000073  263 73 356 164  -30 0.23326
1000000074  263 73 356 164  0 0.49025
1000000075  261 73 354 164  -30 0.51649
1000000076  263 76 351 166  -30 0.51672
1000000077  259 78 355 168  -30 0.36566
1000000078  261 77 349 165  -15 0.61464
1000000079  263 77 346 165  -30 0.47836
1000000080  263 77 346 165  -30 0.46056
1000000081  253 77 342 165  0 0.45696
1000000082  251 77 340 165  0 0.45097
1000000083  249 77 338 165  0 0.38649
1000000084  249 78 338 166  0 0.39966
1000000085  245 82 338 170  0 0.47638
1000000086  243 83 339 174  -15 0.45766
1000000087  243 83 339 174  -15 0.48806
1000000088  243 83 339 174  -15 0.39708
1000000089  240 86 336 174  0 0.44187
1000000090  240 87 337 172  0 0.46970
1000000091  241 87 334 172  0 0.48767
1000000092  241 87 334 172  0 0.58695
1000000093  239 87 332 172  0 0.55958
1000000094  239 91 332 174  0 0.64130
1000000095  239 91 332 174  0 0.65064
1000000096  236 91 332 174  0 0.64369
1000000097  236 91 332 176  0 0.72444
1000000098  237 91 330 176  0 0.51968
1000000099  237 91 330 176  0 0.52487
1000000100  242 91 333 179  0 0.69190
1000000101  235 95 328 183  -30 0.50267
1000000102  235 96 328 184  0 0.71287
1000000103  230 96 323 184  0 0.80054
1000000104  226 96 323 184  0 0.59047
1000000105  226 96 323 184  0 0.60263
1000000106  226 96 323 184  0 0.53040
1000000107  228 96 320 184  0 0.52522
1000000108  226 96 318 184  0 0.48418
1000000109  226 96 318 184  0 0.45673
1000000110  229 96 321 184  0 0.43589
1000000111  234 96 322 184  -15 0.43332
1000000112  234 96 322 184  0 0.38838
1000000113  229 96 321 184  0 0.44348
1000000114  228 96 320 184  0 0.37182
1000000115  226 96 318 185  0 0.41624
1000000116  229 96 318 188  0 0.45551
1000000117  226 96 318 188  0 0.44233
1000000118  226 96 318 188  0 0.37495
1000000119  221 96 318 184  0 0.41900
1000000120  221 96 318 184  0 0.57167
1000000121  223 96 316 184  0 0.34620
1000000122  221 96 314 184  0 0.33694
1000000123  221 96 314 184  0 0.36557
1000000124  223 96 316 184  -15 0.35329
1000000125  221 96 318 184  0 0.47505
1000000126  221 96 318 184  0 0.38993
1000000127  222 99 319 184  0 0.42196
1000000128  232 99 334 184  -30 0.50165
1000000129  232 99 334 184  -30 0.50884
1000000130  219 98 317 183  0 0.41746
1000000131  219 98 317 183  0 0.40083
1000000132  221 97 314 182  -30 0.53184
1000000133  232 97 328 182  0 0.60837
1000000134  232 94 328 184  -30 0.52621
1000000135  232 94 328 184  -30 0.52675
1000000136  218 94 316 184  0 0.63004
1000000137  216 96 314 184  0 0.43048
1000000138  216 96 309 184  0 0.48581
1000000139  216 96 309 184  0 0.42477
1000000140  216 96 304 184  0 0.37436
1000000141  216 96 304 184  0 0.44075
1000000142  216 96 314 184  0 0.44635
1000000143  216 99 318 184  0 0.57942
1000000144  216 99 318 184  0 0.56846
1000000145  216 96 314 184  0 0.49430
1000000146  216 96 314 184  0 0.64089
1000000147  216 96 314 184  0 0.64885
1000000148  221 95 319 183  -15 0.57163
1000000149  226 96 314 179  -30 0.58295
1000000150  226 96 314 179  -15 0.43540
1000000151  226 96 314 179  -15 0.42162
1000000152  221 99 314 180  0 0.38374
1000000153  221 99 314 180  0 0.38544
1000000154  221 99 314 180  0 0.38291
1000000155  221 99 314 180  0 0.40069
1000000156  221 98 314 181  0 0.44388
1000000157  219 100 316 184  0 0.58366
1000000158  221 100 318 184  0 0.53125
1000000159  221 100 318 184  0 0.54827
1000000160  221 100 318 184  0 0.51676
1000000161  221 98 318 182  0 0.38450
1000000162  221 95 318 180  0 0.38663
1000000163  222 95 318 180  0 0.36246
1000000164  222 94 318 179  0 0.37215
1000000165  222 94 318 179  0 0.37226
