# format: <frame> <x1> <y1> <x2> <y2> <pose> <score>
#
# id: 1
# avgscore: -0.042928
# length: 638
1000001730  230 83 334 187  -30 0.11471
1000001731  230 83 334 187  -30 0.11832
1000001732  227 88 334 184  -15 0.05308
1000001733  230 83 334 187  -30 0.10481
1000001734  230 83 346 187  -30 0.11734
1000001735  236 83 359 187  -30 0.13740
1000001736  236 83 359 187  -30 0.18587
1000001737  236 83 359 187  -30 0.17997
1000001738  218 83 359 187  -15 0.17122
1000001739  227 83 323 184  -15 0.25895
1000001740  218 83 340 187  -15 0.23643
1000001741  227 83 334 184  -15 0.21993
1000001742  218 83 340 187  -15 0.39029
1000001743  218 83 340 187  -15 0.38766
1000001744  238 83 339 184  -30 0.32620
1000001745  232 83 344 179  -15 0.36097
1000001746  243 78 350 184  -30 0.32547
1000001747  224 83 365 181  -15 0.28820
1000001748  230 83 365 181  -30 0.13757
1000001749  230 83 365 181  -30 0.13208
1000001750  230 83 353 187  -15 0.27300
1000001751  224 71 334 187  0 0.29818
1000001752  248 89 365 193  -30 0.34413
1000001753  242 83 377 193  -15 0.39604
1000001754  248 83 383 187  -30 0.42161
1000001755  248 83 383 187  -30 0.45366
1000001756  261 83 371 187  -30 0.46107
1000001757  261 83 395 187  -30 0.40389
1000001758  254 78 360 179  0 0.49939
1000001759  275 78 387 179  -30 0.37782
1000001760  271 74 412 180  -30 0.35865
1000001761  271 74 412 180  -30 0.32783
1000001762  285 71 408 175  -30 0.35514
1000001763  297 71 395 175  -30 0.37620
1000001764  297 71 408 175  -30 0.36719
1000001765  304 65 420 175  -30 0.33040
1000001766  306 67 454 173  -30 0.21155
1000001767  310 65 414 169  -30 0.21406
1000001768  316 65 432 169  -30 0.13356
1000001769  323 62 430 163  -30 0.22371
1000001770  323 67 424 163  -15 0.24284
1000001771  323 67 424 163  -15 -0.00680
1000001772  328 65 438 169  -30 -0.01149
1000001773  328 65 438 169  -30 0.00741
1000001774  322 71 438 169  -30 0.00648
1000001775  322 71 432 169  -30 -0.08057
1000001776  323 67 424 168  -30 -0.00189
1000001777  323 72 424 168  -30 -0.08369
1000001778  322 71 432 175  -30 -0.13682
1000001779  322 71 426 175  -30 -0.18016
1000001780  322 71 426 175  -30 -0.11979
1000001781  318 72 424 168  -30 -0.37835
1000001782  318 72 419 174  -30 -0.28451
1000001783  316 77 426 175  -30 -0.20291
1000001784  316 77 420 175  -30 -0.34015
1000001785  316 77 420 175  -30 -0.33944
1000001786  312 78 414 179  -30 -0.38124
1000001787  316 77 414 181  -30 -0.26051
1000001788  316 77 420 181  -30 -0.28231
1000001789  310 77 420 181  -30 -0.28960
1000001790  310 83 420 187  -30 -0.30864
1000001791  307 83 414 179  -15 -0.29852
1000001792  312 78 414 184  -30 -0.31315
1000001793  312 83 408 184  -30 -0.38276
1000001794  310 83 420 187  -30 -0.41654
1000001795  310 83 414 187  -30 -0.23461
1000001796  304 83 414 193  -30 -0.26507
1000001797  304 83 414 193  -30 -0.26924
1000001798  304 83 414 193  -30 -0.28204
1000001799  304 89 414 187  -30 -0.28051
1000001800  304 83 414 187  -30 -0.41663
1000001801  304 83 414 187  -30 -0.47998
1000001802  304 89 414 187  -30 -0.35475
1000001803  304 89 414 187  -30 -0.35977
1000001804  297 89 414 187  -30 -0.35499
1000001805  302 88 398 184  -30 -0.41055
1000001806  297 89 408 193  -30 -0.15550
1000001807  304 95 408 193  -30 -0.10995
1000001808  296 94 398 195  -30 -0.15535
1000001809  296 94 398 195  -30 -0.15485
1000001810  291 95 402 199  -30 -0.24564
1000001811  291 94 398 195  -30 -0.29817
1000001812  291 94 398 195  -30 -0.33667
1000001813  291 94 403 200  -30 -0.14803
1000001814  291 94 398 195  -30 -0.02220
1000001815  291 94 398 195  -30 -0.01293
1000001816  296 94 392 195  -30 -0.08789
1000001817  296 99 392 195  -30 -0.08946
1000001818  296 99 392 200  -30 -0.08626
1000001819  297 101 408 199  -30 -0.12522
1000001820  302 99 408 200  -30 -0.03396
1000001821  302 99 408 200  -30 -0.01428
1000001822  296 99 408 200  -30 0.03724
1000001823  296 99 392 200  -30 -0.00163
1000001824  296 99 408 206  -30 -0.01435
1000001825  297 95 414 206  -30 -0.14260
1000001826  291 95 408 199  -30 -0.18103
1000001827  291 95 408 199  -30 -0.19434
1000001828  302 99 408 195  -30 -0.21207
1000001829  302 99 408 195  -30 -0.04753
1000001830  302 99 408 195  -30 -0.06784
1000001831  302 99 392 195  -30 -0.04290
1000001832  302 99 392 195  -30 -0.08779
1000001833  302 99 392 195  -30 -0.06311
1000001834  302 99 392 195  -30 -0.07241
1000001835  302 99 392 195  -30 -0.08481
1000001836  296 99 392 195  -30 -0.08513
1000001837  296 99 408 195  -30 -0.11330
1000001838  302 94 408 195  -30 -0.20731
1000001839  302 94 408 195  -30 -0.20714
1000001840  296 99 408 195  -30 -0.21835
1000001841  296 99 408 206  -30 -0.23996
1000001842  302 99 408 195  -30 -0.21908
1000001843  297 101 402 199  -30 -0.19846
1000001844  297 101 402 206  -30 -0.26790
1000001845  297 101 414 206  -30 -0.27415
1000001846  296 99 408 200  -30 -0.15691
1000001847  297 101 414 212  -30 -0.19065
1000001848  297 101 408 199  -30 -0.15343
1000001849  297 101 414 206  -30 -0.14423
1000001850  296 104 398 200  -15 -0.20015
1000001851  296 104 392 200  -15 -0.18266
1000001852  296 104 403 211  -15 -0.28676
1000001853  297 101 414 206  -30 -0.16249
1000001854  297 101 414 212  -30 -0.11720
1000001855  297 101 408 212  -30 -0.16378
1000001856  296 110 403 211  -15 -0.06146
1000001857  296 110 403 211  -15 -0.05740
1000001858  296 110 408 211  -30 0.08746
1000001859  302 110 408 211  -30 -0.01452
1000001860  296 110 403 211  -30 -0.13710
1000001861  296 110 408 211  -30 0.11368
1000001862  296 115 408 216  -30 0.11432
1000001863  296 115 408 216  -30 0.11337
1000001864  296 115 408 216  -30 0.01439
1000001865  296 115 398 216  -30 0.05426
1000001866  296 115 398 216  -30 0.00480
1000001867  296 115 408 216  -30 -0.23082
1000001868  296 115 414 222  -30 -0.16066
1000001869  296 115 414 222  -30 -0.16421
1000001870  302 115 398 222  -30 -0.11599
1000001871  296 120 398 216  -15 -0.20731
1000001872  297 120 414 224  -30 -0.21400
1000001873  302 120 403 216  -15 -0.15573
1000001874  300 119 397 216  -15 -0.25780
1000001875  300 119 397 216  -15 -0.26128
1000001876  302 120 403 222  -15 -0.23207
1000001877  304 119 397 221  -15 -0.22616
1000001878  304 119 397 221  -15 -0.30226
1000001879  302 120 403 222  -15 -0.20835
1000001880  302 120 403 222  -15 -0.12515
1000001881  302 120 403 222  -15 -0.15020
1000001882  302 120 403 222  -15 -0.05803
1000001883  302 120 398 222  -15 -0.09559
1000001884  302 120 403 216  -15 -0.17778
1000001885  302 120 403 216  -15 -0.27497
1000001886  302 115 408 216  -30 -0.23983
1000001887  302 115 414 216  -30 -0.23274
1000001888  302 115 398 216  -30 -0.26279
1000001889  302 110 408 216  -30 -0.08454
1000001890  300 114 393 216  -15 -0.23838
1000001891  304 114 414 212  -30 -0.13829
1000001892  302 110 398 211  -30 -0.14888
1000001893  302 110 408 211  -30 -0.15536
1000001894  296 110 408 211  -30 -0.09334
1000001895  296 110 398 211  -30 -0.03914
1000001896  297 108 408 212  -30 -0.20902
1000001897  296 110 398 211  -30 -0.10024
1000001898  297 108 408 212  -30 -0.04849
1000001899  297 108 408 212  -30 -0.05058
1000001900  296 110 398 211  -15 -0.00537
1000001901  297 108 426 212  -30 -0.05734
1000001902  296 110 398 211  -30 -0.03681
1000001903  296 110 398 211  -30 -0.06315
1000001904  296 110 398 211  -30 -0.00380
1000001905  296 110 398 211  -30 -0.02248
1000001906  296 110 398 211  -30 0.05490
1000001907  296 110 398 211  -30 -0.14734
1000001908  302 110 408 211  -30 -0.25924
1000001909  297 108 414 212  -30 -0.10595
1000001910  302 110 398 211  -30 -0.04258
1000001911  302 110 398 211  -30 -0.02851
1000001912  302 110 398 211  -30 -0.05514
1000001913  302 110 414 211  -30 -0.00576
1000001914  302 110 398 211  -30 -0.08802
1000001915  302 110 414 211  -30 -0.12014
1000001916  302 110 398 211  -30 -0.18333
1000001917  302 110 398 211  -30 -0.18502
1000001918  296 110 398 211  -30 -0.19305
1000001919  296 115 398 211  -15 -0.14031
1000001920  296 115 398 211  -15 -0.04902
1000001921  302 110 414 216  -30 0.03347
1000001922  302 110 398 216  -30 0.01745
1000001923  302 110 398 216  -30 0.01942
1000001924  302 115 398 216  -15 0.12449
1000001925  302 110 398 216  -30 0.00403
1000001926  302 110 398 211  -30 -0.05733
1000001927  302 110 414 211  -30 -0.02968
1000001928  302 110 414 211  -30 -0.05628
1000001929  296 110 398 211  -15 -0.05571
1000001930  302 110 414 211  -30 -0.09245
1000001931  302 115 398 211  -15 -0.06970
1000001932  302 110 398 211  -30 -0.16530
1000001933  297 114 408 212  -15 -0.09947
1000001934  297 114 414 212  -30 -0.10327
1000001935  297 114 414 212  -30 -0.10262
1000001936  296 115 398 211  -15 -0.17170
1000001937  302 110 398 216  -30 -0.09221
1000001938  296 115 398 216  -30 -0.14008
1000001939  295 114 397 221  0 -0.13478
1000001940  296 120 398 222  -30 0.03521
1000001941  296 120 398 222  -30 0.01789
1000001942  296 120 398 222  -30 -0.02394
1000001943  296 120 398 222  -30 -0.00199
1000001944  296 120 408 227  -30 -0.36669
1000001945  300 123 393 221  -15 -0.36608
1000001946  296 120 403 222  0 -0.24750
1000001947  296 120 403 222  0 -0.24711
1000001948  302 120 392 222  -15 -0.20362
1000001949  296 120 403 222  0 -0.12834
1000001950  296 126 398 216  -15 -0.15577
1000001951  297 126 408 224  -30 -0.20574
1000001952  296 126 403 227  0 -0.21473
1000001953  296 126 403 227  0 -0.21419
1000001954  295 123 397 226  0 -0.15515
1000001955  297 126 414 224  -30 -0.29574
1000001956  296 126 408 222  -30 -0.36399
1000001957  296 120 403 222  0 -0.20787
1000001958  302 120 414 222  -30 -0.17847
1000001959  302 120 414 222  -30 -0.19778
1000001960  302 115 414 222  -30 -0.19431
1000001961  302 115 414 222  -30 -0.23996
1000001962  302 115 414 216  -30 -0.36335
1000001963  302 115 414 216  -30 -0.33135
1000001964  302 115 398 216  -30 -0.27014
1000001965  302 115 398 216  -30 -0.31612
1000001966  302 115 403 216  -15 -0.35326
1000001967  302 115 403 216  -15 -0.26175
1000001968  302 110 414 216  -30 -0.06852
1000001969  307 110 408 216  -30 0.00003
1000001970  302 110 403 216  -15 -0.07890
1000001971  302 110 403 216  -15 -0.07177
1000001972  307 110 414 211  -30 -0.11604
1000001973  302 110 403 211  -15 -0.04723
1000001974  304 108 420 218  -30 -0.21068
1000001975  304 105 407 207  -15 -0.21805
1000001976  302 104 408 206  -15 0.09195
1000001977  302 104 408 206  -15 0.07299
1000001978  304 101 420 212  -30 -0.20854
1000001979  304 101 420 212  -30 -0.14621
1000001980  304 101 420 212  -30 -0.06783
1000001981  302 99 414 200  -30 -0.21703
1000001982  304 101 420 206  -30 -0.26656
1000001983  304 101 420 206  -30 -0.26825
1000001984  304 95 420 212  -30 -0.30459
1000001985  307 94 414 206  -30 -0.16570
1000001986  304 95 420 206  -30 -0.15089
1000001987  307 94 414 195  -30 -0.13236
1000001988  302 94 408 195  -15 -0.18889
1000001989  307 94 408 195  -30 -0.21567
1000001990  307 88 414 206  -30 -0.06006
1000001991  304 89 414 199  -30 -0.04693
1000001992  307 94 408 195  -15 -0.06334
1000001993  307 94 408 195  -15 -0.06787
1000001994  307 94 414 195  -30 -0.12914
1000001995  307 94 414 195  -30 -0.12136
1000001996  307 94 408 195  -15 -0.13568
1000001997  307 94 408 195  -15 -0.24206
1000001998  307 94 408 195  -15 -0.20247
1000001999  307 94 408 200  -15 -0.24524
1000002000  307 94 408 195  -15 -0.11719
1000002001  307 94 408 195  -15 -0.09908
1000002002  307 88 408 195  -30 -0.11049
1000002003  302 88 408 195  -30 -0.08029
1000002004  302 88 408 195  -30 -0.17092
1000002005  304 89 420 193  -30 -0.21013
1000002006  307 88 408 195  -30 -0.23507
1000002007  302 94 408 195  -15 -0.23062
1000002008  302 88 408 195  -15 -0.30261
1000002009  302 88 408 195  -15 -0.13309
1000002010  302 88 408 195  -15 -0.01145
1000002011  302 94 408 195  -15 0.00172
1000002012  302 88 408 195  -15 0.00641
1000002013  302 94 408 195  -15 0.03078
1000002014  307 88 414 195  -30 0.01912
1000002015  307 88 414 195  -30 0.00579
1000002016  307 88 414 195  -30 0.04571
1000002017  307 88 414 195  -30 0.03760
1000002018  307 88 414 195  -30 0.01297
1000002019  307 88 408 195  -30 0.01398
1000002020  307 88 408 195  -30 -0.02104
1000002021  307 88 408 195  -30 -0.05308
1000002022  307 88 408 195  -30 -0.04549
1000002023  304 89 414 193  -30 -0.09778
1000002024  304 83 414 193  -30 -0.17951
1000002025  302 88 408 190  -30 -0.18751
1000002026  302 88 408 190  -30 -0.16469
1000002027  302 88 414 190  -30 -0.10053
1000002028  302 88 408 190  -15 -0.13143
1000002029  307 88 408 195  -15 -0.06594
1000002030  302 88 408 195  -15 0.05080
1000002031  302 88 408 195  -15 -0.02414
1000002032  302 88 403 200  15 -0.04900
1000002033  304 95 414 199  -30 0.01033
1000002034  304 95 414 199  -30 0.03269
1000002035  302 99 403 206  0 0.08769
1000002036  304 101 414 206  -30 0.03625
1000002037  304 101 414 206  -30 0.05160
1000002038  307 99 398 206  -30 0.23467
1000002039  291 95 408 212  0 -0.05418
1000002040  307 104 414 206  -30 -0.06367
1000002041  302 104 408 206  -30 -0.12629
1000002042  302 104 408 206  -30 -0.05175
1000002043  302 104 403 206  -15 -0.08601
1000002044  307 104 408 206  -30 -0.10630
1000002045  302 104 398 206  -30 -0.04617
1000002046  302 104 398 206  -30 -0.09519
1000002047  302 99 414 206  -30 0.12031
1000002048  307 99 408 200  -30 0.05568
1000002049  307 99 398 200  -30 0.04847
1000002050  302 94 403 200  -30 -0.00280
1000002051  307 94 398 200  -30 0.01081
1000002052  302 94 408 206  -15 0.02777
1000002053  307 94 414 200  -30 0.01981
1000002054  302 94 414 195  -30 0.03126
1000002055  302 94 414 195  -30 0.03071
1000002056  304 89 414 199  -30 0.00012
1000002057  307 88 414 195  -30 0.06141
1000002058  302 88 414 195  -30 0.09962
1000002059  302 88 408 195  -15 0.05844
1000002060  302 88 414 195  -30 0.11776
1000002061  302 88 408 195  -15 0.09215
1000002062  302 88 408 195  -15 0.11212
1000002063  302 88 408 195  -15 0.08883
1000002064  302 88 403 195  -15 0.11718
1000002065  302 88 403 195  -15 0.12843
1000002066  302 88 408 195  -15 0.07110
1000002067  307 88 408 195  -15 0.06562
1000002068  307 88 414 190  -30 0.07388
1000002069  307 88 398 190  -30 0.02751
1000002070  302 88 403 190  -30 -0.10333
1000002071  302 88 398 190  -30 -0.15626
1000002072  302 88 398 190  -30 -0.11323
1000002073  302 88 398 190  -30 -0.11872
1000002074  302 88 403 190  -30 -0.07622
1000002075  304 89 414 193  -30 -0.17135
1000002076  302 88 408 190  -30 -0.11211
1000002077  304 89 414 193  -30 -0.16767
1000002078  304 89 414 193  -30 -0.20923
1000002079  304 89 414 193  -30 -0.20791
1000002080  304 89 414 187  -30 -0.16873
1000002081  304 89 414 187  -30 -0.27135
1000002082  304 89 414 193  -30 -0.23256
1000002083  304 83 414 193  -30 -0.22490
1000002084  302 88 403 190  -30 -0.33408
1000002085  304 89 414 193  -30 -0.37157
1000002086  302 88 403 195  -30 -0.24768
1000002087  307 88 403 195  -30 -0.30119
1000002088  304 89 420 199  -30 -0.13607
1000002089  304 89 414 199  -30 0.02402
1000002090  304 89 414 199  -30 0.00392
1000002091  304 95 414 199  -30 0.00730
1000002092  302 94 414 195  -30 -0.07614
1000002093  302 94 403 200  -15 -0.13359
1000002094  304 95 414 199  -30 -0.08388
1000002095  302 99 408 200  -15 -0.04779
1000002096  307 94 408 200  -30 0.03967
1000002097  307 94 414 200  -30 0.03603
1000002098  302 94 408 200  -30 0.03708
1000002099  302 94 414 200  -30 0.13172
1000002100  302 94 414 200  -30 0.15543
1000002101  307 94 408 200  -30 0.11042
1000002102  307 94 408 206  -30 0.11521
1000002103  307 94 408 206  -30 0.12577
1000002104  307 99 408 206  -30 0.05235
1000002105  307 99 414 206  -30 -0.00527
1000002106  307 99 414 211  -30 -0.05691
1000002107  296 104 408 216  0 -0.12597
1000002108  307 110 408 211  -15 -0.32929
1000002109  307 110 408 211  -15 -0.31559
1000002110  307 110 414 216  -30 -0.41082
1000002111  307 115 414 216  -30 -0.13060
1000002112  300 114 397 216  0 -0.09379
1000002113  302 115 403 216  -15 -0.11558
1000002114  302 115 403 216  -15 -0.07556
1000002115  302 115 403 216  -15 -0.07952
1000002116  307 115 403 216  -15 -0.11001
1000002117  307 115 403 222  -15 -0.13682
1000002118  307 115 408 216  -30 -0.22139
1000002119  307 115 408 216  -30 -0.10085
1000002120  307 115 408 216  -30 -0.03563
1000002121  307 115 408 216  -30 -0.03462
1000002122  309 119 397 216  -15 -0.14913
1000002123  304 119 402 216  -15 -0.15045
1000002124  307 115 408 216  -30 -0.15897
1000002125  304 119 402 216  -15 -0.06010
1000002126  300 119 402 216  -15 -0.17004
1000002127  300 119 397 216  -15 -0.16037
1000002128  304 119 402 216  -15 -0.10206
1000002129  304 119 397 216  -15 -0.12380
1000002130  304 119 397 216  -15 -0.08691
1000002131  309 119 397 216  -15 -0.07316
1000002132  309 119 397 216  -15 -0.08089
1000002133  309 119 397 216  -15 -0.08666
1000002134  307 115 414 216  -30 -0.03209
1000002135  307 115 414 216  -30 -0.13530
1000002136  307 115 414 216  -30 -0.13214
1000002137  307 115 414 216  -30 0.04663
1000002138  307 115 414 216  -30 0.01044
1000002139  307 115 414 216  -30 0.01237
1000002140  307 115 408 216  -30 -0.06143
1000002141  307 115 414 216  -30 -0.03373
1000002142  307 115 414 216  -30 -0.00096
1000002143  296 115 398 222  0 -0.14344
1000002144  304 114 393 212  -15 -0.15929
1000002145  304 114 393 212  -15 -0.16632
1000002146  302 110 414 211  -30 -0.15323
1000002147  302 110 414 211  -30 -0.08223
1000002148  302 110 398 211  -30 -0.03841
1000002149  296 110 398 216  -30 0.00388
1000002150  296 110 398 211  -30 0.01946
1000002151  296 110 392 211  -30 0.02678
1000002152  291 114 402 212  -30 -0.07912
1000002153  291 110 398 211  -30 -0.05347
1000002154  291 110 403 211  -30 0.01723
1000002155  291 115 398 211  -30 -0.09473
1000002156  291 114 408 212  -30 -0.01424
1000002157  291 114 408 212  -30 -0.04142
1000002158  291 110 398 211  -30 -0.05890
1000002159  291 110 387 211  -30 -0.02015
1000002160  291 110 398 211  -30 -0.01107
1000002161  291 110 403 211  -30 -0.01682
1000002162  291 110 403 211  -30 -0.05256
1000002163  291 110 403 211  -30 -0.05191
1000002164  291 110 403 211  -30 0.02351
1000002165  286 110 403 211  -30 0.02864
1000002166  286 110 398 211  -30 -0.03874
1000002167  286 110 398 211  -30 -0.07253
1000002168  291 115 398 211  -30 -0.00616
1000002169  291 115 398 211  -30 -0.00777
1000002170  291 110 403 211  -30 -0.02443
1000002171  291 110 403 211  -30 0.14298
1000002172  291 114 414 218  -30 0.03090
1000002173  291 110 392 216  -30 0.07461
1000002174  291 110 398 216  0 0.12354
1000002175  291 110 398 216  0 0.15780
1000002176  291 110 398 216  0 0.32458
1000002177  291 110 398 216  0 0.35295
1000002178  291 115 403 216  0 0.35513
1000002179  291 115 398 216  0 0.39704
1000002180  291 115 398 216  0 0.32870
1000002181  291 115 398 216  0 0.30847
1000002182  291 110 398 216  0 0.32879
1000002183  291 115 398 216  0 0.21239
1000002184  291 115 398 216  0 0.23227
1000002185  286 115 398 216  0 0.31956
1000002186  291 115 403 222  0 0.06657
1000002187  291 115 392 222  0 0.07395
1000002188  291 120 398 222  0 -0.06909
1000002189  286 120 398 222  0 -0.03211
1000002190  291 123 393 226  0 -0.01956
1000002191  286 126 392 227  0 -0.08802
1000002192  291 133 388 226  -15 -0.19966
1000002193  291 133 388 226  -15 -0.19951
1000002194  286 126 392 232  0 -0.22726
1000002195  280 126 392 232  0 -0.25496
1000002196  286 131 392 232  0 -0.28320
1000002197  286 131 392 232  0 -0.26051
1000002198  286 131 392 227  0 -0.20912
1000002199  286 131 392 227  0 -0.21181
1000002200  291 131 392 227  0 -0.06689
1000002201  286 126 392 227  0 -0.23154
1000002202  291 126 398 227  -15 -0.06743
1000002203  291 123 393 221  0 -0.13247
1000002204  291 120 403 222  -30 0.01811
1000002205  291 120 403 222  -30 -0.01596
1000002206  291 120 398 216  -15 0.02276
1000002207  291 115 398 222  0 0.01112
1000002208  296 115 398 216  -15 0.24733
1000002209  296 110 403 211  -30 0.15894
1000002210  297 108 414 212  -30 0.11951
1000002211  296 110 403 211  -15 0.08925
1000002212  297 108 414 212  -30 0.23743
1000002213  302 99 403 206  -30 0.11673
1000002214  302 99 403 206  -15 0.14325
1000002215  297 95 414 206  -30 0.10468
1000002216  297 95 414 206  -30 0.22505
1000002217  297 95 414 206  -30 0.25136
1000002218  304 95 414 206  -30 0.14182
1000002219  304 89 414 199  -30 0.17148
1000002220  304 89 414 199  -30 0.23063
1000002221  302 88 403 195  -30 -0.05788
1000002222  302 88 408 195  -15 -0.14985
1000002223  297 83 414 199  0 -0.15672
1000002224  302 88 408 200  -15 -0.12012
1000002225  304 83 414 193  -30 -0.20639
1000002226  304 83 414 187  -30 -0.24741
1000002227  304 83 414 187  -30 -0.12413
1000002228  304 83 414 187  -30 0.02715
1000002229  304 83 414 187  -30 0.03314
1000002230  304 83 420 193  -30 0.21190
1000002231  304 83 420 193  -30 0.27586
1000002232  310 83 420 193  -30 0.30892
1000002233  307 83 408 190  -15 0.04157
1000002234  304 83 414 187  -30 0.00814
1000002235  304 83 414 187  -30 0.00880
1000002236  304 83 414 187  -30 0.09614
1000002237  310 83 420 193  -30 0.13358
1000002238  304 83 420 193  -30 0.17004
1000002239  304 83 420 193  -30 0.10296
1000002240  310 83 414 193  -30 0.04506
1000002241  310 83 414 193  -30 0.04443
1000002242  310 83 420 187  -30 0.08369
1000002243  310 83 420 187  -30 0.03196
1000002244  307 83 414 184  -30 -0.01849
1000002245  307 83 414 184  -30 0.01746
1000002246  304 83 414 187  -30 0.03379
1000002247  304 83 414 187  -30 0.00040
1000002248  307 83 414 184  -30 -0.04559
1000002249  304 83 420 187  -30 -0.03098
1000002250  304 83 420 187  -30 -0.02904
1000002251  304 83 420 187  -30 0.06963
1000002252  310 83 420 187  -30 -0.06706
1000002253  310 83 420 187  -30 -0.06518
1000002254  304 83 420 187  -30 -0.05863
1000002255  304 83 420 193  -30 -0.04927
1000002256  304 83 414 187  -30 -0.12635
1000002257  304 83 414 187  -30 -0.12141
1000002258  304 83 414 187  -30 -0.14142
1000002259  304 83 414 187  -30 -0.14591
1000002260  304 83 414 187  -30 -0.11892
1000002261  304 83 414 187  -30 -0.04176
1000002262  304 83 414 187  -30 0.11775
1000002263  304 83 414 187  -30 0.10192
1000002264  304 83 414 187  -30 0.15806
1000002265  304 83 414 187  -30 0.10796
1000002266  304 83 414 187  -30 -0.00172
1000002267  304 83 414 187  -30 0.02019
1000002268  304 83 414 187  -30 0.02666
1000002269  304 83 414 193  -30 -0.03531
1000002270  304 83 414 193  -30 0.00132
1000002271  304 83 414 193  -30 0.00958
1000002272  304 83 414 193  -30 -0.00126
1000002273  304 83 414 193  -30 0.07156
1000002274  304 83 414 193  -30 0.06091
1000002275  304 83 414 187  -30 -0.09992
1000002276  304 83 414 193  -30 -0.18707
1000002277  304 83 414 193  -30 -0.19412
1000002278  304 83 414 193  -30 -0.02358
1000002279  302 83 408 190  -30 0.11408
1000002280  304 83 414 193  -30 0.04677
1000002281  302 88 414 195  -30 -0.03899
1000002282  302 94 403 195  -15 0.11739
1000002283  302 94 403 195  -15 0.11295
1000002284  302 94 414 195  -30 0.06782
1000002285  307 99 408 206  -30 0.22860
1000002286  307 99 398 206  -30 0.11959
1000002287  297 101 414 206  -30 0.26372
1000002288  302 99 403 200  -15 0.13327
1000002289  304 95 414 206  -30 0.15850
1000002290  302 94 403 195  -30 0.18214
1000002291  302 88 414 195  -30 0.21621
1000002292  304 89 420 193  -30 0.19108
1000002293  304 89 414 193  -30 0.12557
1000002294  302 94 403 195  -30 0.21114
1000002295  302 94 403 195  -30 0.20802
1000002296  302 94 403 195  -30 0.05302
1000002297  302 94 398 195  -15 -0.09864
1000002298  302 94 398 200  -30 -0.01717
1000002299  304 95 414 206  -30 0.02716
1000002300  304 95 414 206  -30 0.03883
1000002301  297 95 414 206  -30 0.03141
1000002302  302 94 414 200  -30 0.11381
1000002303  302 94 403 200  0 0.05931
1000002304  302 99 403 195  -15 0.02952
1000002305  302 99 403 200  -15 0.10444
1000002306  302 104 403 200  -15 0.03124
1000002307  302 104 403 200  -15 0.03305
1000002308  304 101 420 212  -30 -0.04114
1000002309  302 99 414 206  -30 -0.03100
1000002310  302 99 403 200  -30 -0.03072
1000002311  307 99 414 206  -30 -0.14250
1000002312  307 99 408 206  -15 -0.15171
1000002313  307 99 408 206  -15 -0.13277
1000002314  307 99 414 206  -30 -0.02770
1000002315  307 99 414 206  -30 -0.14615
1000002316  307 99 408 206  -15 -0.14508
1000002317  307 99 408 206  -15 -0.10424
1000002318  307 99 408 200  -15 -0.01189
1000002319  307 99 408 200  -15 -0.00673
1000002320  307 104 408 200  -15 -0.03046
1000002321  307 104 408 200  -15 -0.07341
1000002322  307 99 408 206  -15 0.07610
1000002323  307 99 408 206  -15 0.07036
1000002324  307 99 403 206  -15 0.02000
1000002325  307 99 403 206  -15 0.03003
1000002326  307 99 414 200  -30 -0.04303
1000002327  307 99 414 200  -30 -0.06572
1000002328  307 99 414 200  -30 -0.06647
1000002329  307 94 414 200  -30 -0.05166
1000002330  310 95 420 206  -30 -0.17710
1000002331  310 95 420 206  -30 -0.17700
1000002332  307 99 414 206  -30 -0.09680
1000002333  307 99 408 206  -15 0.04303
1000002334  307 99 408 206  -30 0.02970
1000002335  307 99 414 206  -30 -0.00981
1000002336  307 99 414 206  -30 0.04736
1000002337  307 99 414 206  -30 0.05726
1000002338  307 104 403 206  -15 0.07724
1000002339  302 99 408 206  -15 0.10074
1000002340  302 104 408 206  -15 0.04327
1000002341  302 104 403 206  -15 0.16762
1000002342  302 104 408 206  -15 0.14583
1000002343  302 104 408 206  -15 0.14800
1000002344  307 99 414 206  -30 0.07781
1000002345  307 99 414 206  -30 -0.03348
1000002346  307 99 414 206  -30 -0.04200
1000002347  307 99 414 206  -30 -0.08478
1000002348  307 99 414 206  -30 0.02111
1000002349  302 99 403 206  -15 0.02286
1000002350  304 95 414 206  -30 0.09671
1000002351  307 99 414 206  -30 0.13371
1000002352  302 99 408 200  -15 0.14129
1000002353  307 99 414 206  -30 0.09693
1000002354  307 99 408 206  -30 0.16227
1000002355  307 99 408 206  -30 0.16980
1000002356  307 99 414 206  -30 0.07169
1000002357  307 99 408 200  -15 -0.04221
1000002358  307 99 403 200  -15 -0.17688
1000002359  307 99 403 200  -15 -0.12612
1000002360  307 99 403 200  -15 -0.06827
1000002361  307 99 403 200  -15 -0.06265
1000002362  302 99 403 206  0 -0.05289
1000002363  307 99 414 206  -30 -0.00566
1000002364  307 99 414 200  -30 -0.04659
1000002365  307 99 414 206  -30 -0.00942
1000002366  307 99 414 200  -30 0.01096
1000002367  307 99 414 200  -30 0.01228
