# format: <frame> <x1> <y1> <x2> <y2> <pose> <score>
#
# id: 1
# avgscore: 0.557189
# length: 54
1000002368  150 109 320 263  30 0.57166
1000002369  150 109 320 263  30 0.56949
1000002370  150 109 320 263  30 0.56515
1000002371  154 107 321 265  30 0.61612
1000002372  154 107 321 265  30 0.55939
1000002373  154 107 321 265  30 0.55614
1000002374  154 107 321 265  30 0.51728
1000002375  154 107 321 265  30 0.58205
1000002376  144 107 321 265  30 0.39592
1000002377  144 107 321 265  30 0.43708
1000002378  144 107 321 265  30 0.39471
1000002379  144 107 321 265  30 0.39050
1000002380  144 107 321 265  15 0.39052
1000002381  144 107 321 265  30 0.41102
1000002382  144 107 321 265  30 0.47088
1000002383  154 107 321 265  30 0.51183
1000002384  154 107 321 265  30 0.50356
1000002385  154 107 321 265  30 0.50388
1000002386  154 107 321 265  30 0.56332
1000002387  154 107 321 265  30 0.56450
1000002388  154 107 321 265  30 0.56445
1000002389  154 107 321 265  30 0.61546
1000002390  154 107 321 265  30 0.62794
1000002391  154 107 321 265  30 0.65437
1000002392  154 107 321 265  30 0.65267
1000002393  154 107 321 265  30 0.62502
1000002394  154 107 321 265  30 0.61564
1000002395  154 107 321 265  30 0.60983
1000002396  154 107 321 265  30 0.60642
1000002397  154 107 321 265  30 0.61093
1000002398  154 107 321 265  30 0.61177
1000002399  154 107 321 265  30 0.62716
1000002400  154 107 321 265  30 0.62372
1000002401  154 107 321 265  30 0.60940
1000002402  144 107 321 265  30 0.60363
1000002403  144 107 321 265  30 0.60751
1000002404  154 107 321 265  30 0.60599
1000002405  154 107 321 265  30 0.59347
1000002406  154 107 321 265  30 0.58762
1000002407  154 107 321 265  30 0.58590
1000002408  154 107 321 265  30 0.61021
1000002409  154 107 321 265  30 0.60677
1000002410  154 107 321 265  30 0.60852
1000002411  154 107 321 265  30 0.55985
1000002412  154 107 321 265  30 0.56360
1000002413  154 107 321 265  30 0.55900
1000002414  154 107 321 265  30 0.54310
1000002415  154 107 321 265  30 0.54734
1000002416  154 107 321 265  30 0.51897
1000002417  154 107 321 265  30 0.52028
1000002418  154 107 321 265  30 0.57314
1000002419  154 107 321 265  30 0.52148
1000002420  154 107 321 265  30 0.52033
1000002421  154 107 321 265  30 0.52174

# id: 2
# avgscore: 0.375225
# length: 54
1000002368  322 89 457 224  0 0.36874
1000002369  322 89 457 224  0 0.35821
1000002370  322 89 457 224  0 0.30389
1000002371  313 88 461 229  0 0.28878
1000002372  313 88 461 229  0 0.34932
1000002373  313 88 461 229  0 0.34192
1000002374  313 88 461 229  0 0.33330
1000002375  313 88 461 229  0 0.24183
1000002376  313 88 461 229  0 0.19123
1000002377  313 88 461 229  0 0.26857
1000002378  313 88 461 229  0 0.34884
1000002379  313 88 461 229  0 0.34957
1000002380  313 88 461 229  0 0.28646
1000002381  313 88 461 229  0 0.31443
1000002382  313 88 461 229  0 0.36592
1000002383  313 88 461 229  0 0.34196
1000002384  313 88 461 229  0 0.42391
1000002385  313 88 461 229  0 0.41648
1000002386  313 88 461 229  0 0.44495
1000002387  313 88 461 229  0 0.43482
1000002388  313 88 461 229  0 0.38937
1000002389  312 85 465 231  0 0.40743
1000002390  312 85 465 231  0 0.41909
1000002391  312 85 465 231  0 0.41817
1000002392  312 85 465 231  0 0.41199
1000002393  313 88 461 229  0 0.45677
1000002394  313 88 461 229  0 0.43782
1000002395  313 88 461 229  0 0.42540
1000002396  313 88 461 229  0 0.44150
1000002397  313 88 461 229  0 0.44844
1000002398  313 88 461 229  0 0.31981
1000002399  313 88 461 229  0 0.23389
1000002400  312 85 465 231  0 0.27400
1000002401  312 85 465 231  0 0.29195
1000002402  313 88 461 229  0 0.33029
1000002403  313 88 461 229  0 0.31859
1000002404  313 88 461 229  0 0.33487
1000002405  312 85 465 231  0 0.37808
1000002406  312 85 465 231  0 0.37636
1000002407  312 85 465 231  0 0.41722
1000002408  312 85 465 231  0 0.43638
1000002409  312 85 465 231  0 0.44512
1000002410  312 85 465 231  0 0.45486
1000002411  312 85 465 231  0 0.47630
1000002412  315 88 463 229  0 0.45738
1000002413  321 88 461 229  0 0.44587
1000002414  321 88 461 229  0 0.45817
1000002415  321 88 461 229  0 0.44651
1000002416  321 88 461 229  0 0.44799
1000002417  321 88 461 229  0 0.45705
1000002418  320 85 465 231  0 0.34489
1000002419  320 85 465 231  0 0.34417
1000002420  320 85 465 231  0 0.37389
1000002421  320 85 465 231  0 0.36941

# id: 3
# avgscore: -0.424216
# length: 34
1000002368  446 8 542 99  0 -0.31643
1000002369  446 8 542 99  0 -0.40934
1000002370  446 6 547 99  0 -0.33185
1000002371  446 6 547 99  0 -0.29443
1000002372  446 6 542 99  0 -0.34607
1000002373  446 6 542 99  0 -0.34072
1000002374  446 6 542 99  0 -0.29499
1000002375  446 6 542 99  0 -0.38405
1000002376  446 6 547 99  0 -0.49549
1000002377  446 6 547 99  0 -0.42141
1000002378  446 6 547 99  0 -0.43686
1000002379  446 6 547 99  0 -0.46346
1000002380  446 6 547 99  0 -0.43793
1000002381  446 6 547 99  0 -0.38951
1000002382  446 6 547 99  0 -0.41865
1000002383  446 6 547 99  0 -0.38925
1000002384  483 36 541 94  -45 -0.44709
1000002385  483 36 541 94  -45 -0.46855
1000002386  446 6 542 99  0 -0.48335
1000002387  446 6 542 99  0 -0.45835
1000002388  446 6 542 99  0 -0.45120
1000002389  446 6 542 99  0 -0.43000
1000002390  483 36 541 94  -45 -0.38099
1000002391  483 36 541 94  -45 -0.38138
1000002392  446 6 547 99  0 -0.50364
1000002393  446 6 547 99  0 -0.57287
1000002394  446 8 547 99  0 -0.42463
1000002395  446 8 547 99  0 -0.31179
1000002396  446 8 547 99  0 -0.42554
1000002397  446 8 547 99  0 -0.42540
1000002398  446 8 542 99  0 -0.46821
1000002399  446 8 542 104  0 -0.46398
1000002400  446 10 542 106  -30 -0.57324
1000002401  446 11 542 104  -15 -0.58268

# id: 4
# avgscore: -0.395284
# length: 54
1000002368  14 35 126 142  -15 -0.37596
1000002369  14 35 126 142  -15 -0.48367
1000002370  14 40 126 142  -15 -0.39893
1000002371  14 36 126 143  -15 -0.39573
1000002372  13 34 126 144  -15 -0.44257
1000002373  13 34 126 144  -15 -0.42131
1000002374  13 34 126 144  -15 -0.44709
1000002375  13 36 126 143  -15 -0.39107
1000002376  14 35 131 142  0 -0.39743
1000002377  14 35 131 142  0 -0.35886
1000002378  14 35 131 142  0 -0.36434
1000002379  14 35 131 142  0 -0.33189
1000002380  14 35 131 142  0 -0.39458
1000002381  14 35 131 142  0 -0.42529
1000002382  14 35 131 142  -15 -0.52105
1000002383  19 35 131 142  -15 -0.49242
1000002384  19 35 131 142  -15 -0.42951
1000002385  19 35 131 142  -15 -0.45372
1000002386  19 35 131 142  -15 -0.47065
1000002387  19 35 131 142  -15 -0.46493
1000002388  19 35 131 142  -15 -0.38397
1000002389  14 35 131 142  -15 -0.33069
1000002390  14 35 131 142  0 -0.38058
1000002391  14 35 131 142  0 -0.37704
1000002392  14 35 131 142  0 -0.31865
1000002393  19 35 126 142  15 -0.26255
1000002394  24 19 131 136  -15 -0.30873
1000002395  24 19 131 136  -15 -0.26872
1000002396  24 19 131 136  -15 -0.28191
1000002397  24 22 131 139  -15 -0.29395
1000002398  21 34 128 144  15 -0.24180
1000002399  16 34 132 144  -15 -0.19987
1000002400  16 34 132 144  -15 -0.34062
1000002401  16 35 132 142  0 -0.38151
1000002402  19 35 131 142  -15 -0.41238
1000002403  19 35 131 142  -15 -0.42442
1000002404  19 35 131 142  -15 -0.36368
1000002405  19 35 131 142  -15 -0.31589
1000002406  19 35 131 142  -15 -0.32440
1000002407  16 35 132 142  0 -0.51504
1000002408  14 35 131 142  -15 -0.48041
1000002409  14 35 131 142  -15 -0.47285
1000002410  19 35 131 142  -15 -0.47942
1000002411  19 35 131 142  -15 -0.49510
1000002412  19 35 131 147  -15 -0.42900
1000002413  19 35 131 147  -15 -0.42718
1000002414  19 35 131 147  -15 -0.41933
1000002415  19 35 131 147  -15 -0.42058
1000002416  19 35 131 147  -15 -0.45274
1000002417  19 35 131 147  -15 -0.45003
1000002418  19 35 131 147  0 -0.41982
1000002419  19 35 131 147  -15 -0.39568
1000002420  19 35 131 147  -15 -0.40806
1000002421  19 35 131 147  -15 -0.40774
