# format: <frame> <x1> <y1> <x2> <y2> <pose> <score>
#
# id: 1
# avgscore: 0.050535
# length: 287
1000001303  286 110 387 206  -30 0.24895
1000001304  291 110 387 206  -30 0.19728
1000001305  291 110 387 206  -30 0.19627
1000001306  291 110 387 206  -30 0.20215
1000001307  286 110 387 206  -30 0.30387
1000001308  286 110 387 206  -30 0.29749
1000001309  286 110 387 206  -30 0.30822
1000001310  286 110 387 206  -30 0.30468
1000001311  286 110 387 206  -30 0.31814
1000001312  286 110 387 206  -30 0.31316
1000001313  286 110 387 206  -30 0.33189
1000001314  286 114 387 206  -30 0.33222
1000001315  285 114 389 206  -30 0.34506
1000001316  285 114 389 206  -30 0.39204
1000001317  285 114 389 206  -30 0.39228
1000001318  285 114 389 206  -30 0.43932
1000001319  285 114 389 206  -30 0.39383
1000001320  285 114 389 206  -30 0.44698
1000001321  291 110 387 206  -30 0.50156
1000001322  291 110 387 206  -30 0.49144
1000001323  291 110 387 206  -30 0.49519
1000001324  291 110 387 206  -30 0.49748
1000001325  291 110 387 206  -30 0.50024
1000001326  291 108 389 206  -30 0.38945
1000001327  291 108 389 206  -30 0.35372
1000001328  291 110 392 206  -30 0.34313
1000001329  291 110 392 206  -30 0.34036
1000001330  291 110 392 206  -30 0.35223
1000001331  291 107 392 203  -30 0.41346
1000001332  289 104 395 200  -30 0.48069
1000001333  289 104 396 200  -30 0.39983
1000001334  286 99 398 200  -30 0.39432
1000001335  286 99 398 200  -30 0.40017
1000001336  285 97 402 198  -30 0.50711
1000001337  285 95 402 193  -30 0.63123
1000001338  286 95 398 193  -30 0.39084
1000001339  281 90 393 188  -30 0.42814
1000001340  278 89 390 187  -30 0.40393
1000001341  273 89 389 187  -30 0.30965
1000001342  274 83 384 181  -30 0.48783
1000001343  271 83 387 179  -30 0.52871
1000001344  273 81 385 177  -30 0.39073
1000001345  264 80 376 172  -30 0.53355
1000001346  248 78 360 168  0 0.40543
1000001347  248 78 360 168  0 0.41884
1000001348  254 78 366 168  -30 0.51718
1000001349  254 78 366 168  -30 0.15289
1000001350  248 78 360 168  -30 0.23074
1000001351  232 76 339 166  0 0.08630
1000001352  227 72 334 168  0 0.27651
1000001353  227 72 334 168  0 0.28322
1000001354  220 72 342 168  -30 0.01076
1000001355  218 74 341 166  -30 0.10706
1000001356  212 71 334 169  -15 -0.05084
1000001357  206 71 328 169  -30 -0.06016
1000001358  226 72 304 170  -30 -0.09106
1000001359  226 72 304 170  -30 -0.09806
1000001360  199 77 328 169  -30 0.02348
1000001361  199 77 328 169  -30 -0.11142
1000001362  181 77 304 169  -15 -0.05057
1000001363  188 77 294 169  -15 -0.03428
1000001364  177 78 283 174  -15 -0.17489
1000001365  174 78 280 174  -15 -0.17242
1000001366  179 83 280 179  -15 -0.09381
1000001367  176 83 267 179  -30 -0.20046
1000001368  173 88 264 185  -15 -0.33340
1000001369  152 90 259 187  -15 -0.34124
1000001370  147 91 254 189  0 -0.51734
1000001371  149 98 251 191  15 -0.54622
1000001372  148 99 249 195  0 -0.59555
1000001373  142 99 244 195  0 -0.48715
1000001374  137 95 247 199  -15 -0.50758
1000001375  124 95 234 199  30 -0.56495
1000001376  126 104 232 200  0 -0.54121
1000001377  126 104 232 200  0 -0.52642
1000001378  124 100 234 200  -15 -0.51597
1000001379  122 100 233 200  -15 -2.00000
1000001380  118 102 227 200  -15 -2.00000
1000001381  115 103 221 201  -15 -0.53242
1000001382  120 99 216 206  -15 -0.47809
1000001383  120 99 216 206  -15 -0.48180
1000001384  107 99 214 206  -15 -0.39265
1000001385  104 102 211 203  -15 -0.46179
1000001386  100 108 207 206  -15 -0.56447
1000001387  94 109 206 206  0 -0.53952
1000001388  94 109 206 206  0 -2.00000
1000001389  94 107 206 206  0 -2.00000
1000001390  94 104 206 206  -15 -0.47438
1000001391  94 104 206 206  -15 -0.38050
1000001392  94 115 206 211  -15 -0.46233
1000001393  91 120 195 212  30 -0.51098
1000001394  92 120 194 212  30 -2.00000
1000001395  97 120 198 211  0 -0.59948
1000001396  99 115 200 211  0 -0.38149
1000001397  99 113 206 214  0 -0.29638
1000001398  99 110 211 211  -15 -0.38034
1000001399  110 112 222 214  -15 -0.36315
1000001400  119 114 212 216  -15 -0.45982
1000001401  119 114 212 216  -15 -0.45293
1000001402  104 114 211 216  0 -0.47864
1000001403  104 110 211 216  0 -0.37717
1000001404  110 115 217 216  -15 -0.42821
1000001405  110 110 232 216  -15 -0.40884
1000001406  110 110 232 216  -15 -0.24255
1000001407  110 110 232 216  -15 -0.22872
1000001408  115 113 227 214  0 -0.46073
1000001409  120 110 232 211  -15 -0.47712
1000001410  120 110 232 211  -15 -0.49790
1000001411  124 115 230 211  -15 -0.33053
1000001412  126 120 227 216  0 -0.27159
1000001413  126 120 227 216  0 -0.27229
1000001414  126 110 232 211  -15 -0.45970
1000001415  131 110 243 211  -15 -0.32813
1000001416  131 110 243 211  -15 -0.42277
1000001417  136 110 243 211  -15 -0.32946
1000001418  136 110 243 211  0 -0.37725
1000001419  136 110 243 211  0 -0.37761
1000001420  136 115 243 211  0 -0.25450
1000001421  140 115 246 211  -15 -0.34719
1000001422  142 110 248 216  0 -0.31924
1000001423  147 110 254 216  -15 -0.34136
1000001424  147 110 254 216  -15 -0.36211
1000001425  148 109 254 212  0 -0.37408
1000001426  153 109 259 212  -15 -0.37267
1000001427  152 110 259 211  -15 -0.39627
1000001428  152 110 259 211  0 -0.40894
1000001429  152 115 259 211  -15 -0.21978
1000001430  158 113 259 214  0 -0.15230
1000001431  158 115 259 211  0 -0.15521
1000001432  158 115 270 216  -15 -0.14325
1000001433  166 111 278 215  -15 -0.36656
1000001434  172 111 273 215  -15 -0.24439
1000001435  171 113 272 214  0 -0.26884
1000001436  168 115 275 211  0 -0.36462
1000001437  168 115 275 211  0 -0.36804
1000001438  168 115 275 211  -15 -0.44778
1000001439  168 115 275 211  0 -0.48430
1000001440  168 115 275 211  0 -0.15968
1000001441  174 115 275 211  0 -0.18552
1000001442  179 128 272 212  0 -0.22966
1000001443  179 128 272 212  0 -0.22850
1000001444  172 114 295 218  0 -0.31698
1000001445  172 111 295 215  -30 -0.24058
1000001446  182 111 289 215  0 -0.42340
1000001447  179 110 286 216  0 -0.29397
1000001448  175 108 285 218  0 -0.19274
1000001449  175 108 285 218  0 -0.19594
1000001450  177 115 284 216  0 -0.13770
1000001451  184 115 291 216  0 -0.23342
1000001452  181 114 322 218  -15 -0.10310
1000001453  181 114 322 218  -15 -0.19252
1000001454  175 108 322 212  0 -0.25573
1000001455  175 108 322 212  0 -0.23809
1000001456  181 114 322 218  -15 -0.23337
1000001457  184 114 325 218  -15 -0.18089
1000001458  187 114 322 218  -15 -0.24249
1000001459  187 114 316 218  0 -0.32475
1000001460  187 114 316 218  -15 -0.17099
1000001461  187 114 316 218  -15 -0.16998
1000001462  190 104 306 211  0 -0.21463
1000001463  200 104 296 211  -15 -0.20082
1000001464  200 104 296 211  -15 -0.15255
1000001465  206 108 328 212  -30 -0.26994
1000001466  206 108 328 212  -30 -0.15939
1000001467  206 108 328 212  -30 -0.14155
1000001468  206 108 318 212  -30 -0.00839
1000001469  202 107 314 208  -30 -0.07065
1000001470  205 109 311 207  -15 -0.05634
1000001471  193 108 322 206  -15 0.01311
1000001472  187 101 316 206  0 -0.18131
1000001473  187 101 316 206  0 -0.17629
1000001474  187 101 316 206  0 -0.05742
1000001475  193 101 316 206  -15 0.01245
1000001476  193 101 316 206  -15 0.00682
1000001477  196 101 319 206  -15 0.03622
1000001478  211 99 312 200  -30 0.23923
1000001479  214 99 315 200  -30 0.25244
1000001480  208 97 320 198  -15 0.17774
1000001481  208 95 320 199  -15 0.29422
1000001482  214 94 321 195  0 0.31065
1000001483  216 94 323 195  -15 0.26168
1000001484  224 95 346 193  -30 0.14153
1000001485  224 95 346 193  -30 0.13431
1000001486  222 95 334 193  -30 0.14664
1000001487  227 96 328 193  -15 0.33259
1000001488  227 94 329 190  -30 0.34210
1000001489  232 94 334 190  -30 0.32615
1000001490  232 94 339 190  -30 0.31116
1000001491  232 94 339 190  -30 0.32373
1000001492  230 94 337 190  -30 0.30794
1000001493  230 94 336 190  -15 0.35025
1000001494  227 94 339 190  0 0.36167
1000001495  238 93 350 189  -30 0.35189
1000001496  230 95 365 187  -30 0.41566
1000001497  230 95 365 187  -30 0.41637
1000001498  236 89 359 187  0 0.37385
1000001499  244 89 351 187  -30 0.33896
1000001500  236 89 359 187  -30 0.37582
1000001501  244 89 351 187  -30 0.27294
1000001502  236 89 359 187  0 0.38334
1000001503  242 89 365 187  -30 0.38991
1000001504  242 89 365 187  -30 0.37047
1000001505  248 94 360 184  -30 0.39043
1000001506  248 94 355 184  -30 0.54207
1000001507  232 79 339 185  0 0.51830
1000001508  230 77 334 187  0 0.36436
1000001509  230 77 334 187  0 0.37972
1000001510  243 91 350 187  -15 0.38758
1000001511  243 94 350 190  -30 0.35385
1000001512  243 94 350 190  -30 0.45618
1000001513  238 94 344 190  -15 0.45187
1000001514  238 94 344 190  -30 0.33860
1000001515  238 99 344 190  -30 0.37337
1000001516  238 99 344 190  -30 0.44386
1000001517  235 97 342 193  -30 0.50542
1000001518  230 99 342 195  -30 0.45748
1000001519  227 99 339 195  -30 0.60787
1000001520  227 99 339 195  -30 0.53522
1000001521  227 99 339 195  -30 0.54992
1000001522  227 99 334 195  -30 0.55014
1000001523  227 99 334 195  -30 0.42380
1000001524  227 99 334 195  -30 0.42279
1000001525  227 104 334 195  -30 0.48260
1000001526  227 104 334 195  -30 0.45134
1000001527  227 104 334 195  -30 0.45188
1000001528  224 101 334 199  -30 0.39283
1000001529  224 101 334 199  -30 0.36203
1000001530  224 101 334 199  -30 0.37118
1000001531  212 99 322 200  0 0.47464
1000001532  212 99 322 200  0 0.27609
1000001533  212 99 322 200  0 0.27246
1000001534  227 101 339 199  -30 0.34478
1000001535  227 102 339 198  -30 0.44147
1000001536  230 101 346 199  0 0.33791
1000001537  230 101 346 199  -30 0.37766
1000001538  230 101 353 199  -30 0.36524
1000001539  230 101 353 199  -30 0.35222
1000001540  218 83 322 199  0 0.44299
1000001541  218 83 322 199  0 0.33385
1000001542  222 89 328 199  0 0.23352
1000001543  222 89 328 199  0 0.22733
1000001544  222 99 328 200  0 0.19350
1000001545  222 99 328 200  0 0.19925
1000001546  222 99 328 200  0 0.20664
1000001547  218 101 328 199  0 0.20332
1000001548  218 101 328 199  0 0.19812
1000001549  218 83 322 200  0 0.04713
1000001550  222 81 318 198  0 0.12570
1000001551  222 83 318 195  0 0.15714
1000001552  222 83 318 195  0 0.20725
1000001553  222 83 318 195  0 0.18524
1000001554  222 83 318 195  0 0.17517
1000001555  222 83 318 195  0 0.32658
1000001556  222 83 318 195  0 0.21411
1000001557  222 83 318 195  0 0.23323
1000001558  222 83 318 195  0 0.21716
1000001559  222 83 318 195  -30 0.23716
1000001560  222 101 334 199  0 0.06263
1000001561  222 99 323 195  0 -0.05715
1000001562  222 99 323 195  0 -0.17667
1000001563  222 99 323 195  0 -0.14773
1000001564  222 99 323 195  0 -0.09772
1000001565  218 95 328 199  0 -0.04818
1000001566  218 95 328 199  0 0.07593
1000001567  218 95 328 199  0 0.14866
1000001568  222 99 323 200  0 0.18015
1000001569  222 99 323 200  0 0.18844
1000001570  232 99 323 195  -30 0.22931
1000001571  232 99 323 195  -30 0.19445
1000001572  233 101 362 199  -30 0.16005
1000001573  233 101 362 199  -30 0.12281
1000001574  230 96 323 193  -15 0.10704
1000001575  230 96 323 193  -15 0.10945
1000001576  218 96 334 194  0 0.11759
1000001577  218 98 334 196  0 0.10213
1000001578  212 89 334 199  -15 0.13785
1000001579  225 99 326 195  0 0.13586
1000001580  227 99 323 195  -15 0.00577
1000001581  227 99 323 195  -15 -0.04468
1000001582  212 89 334 199  0 0.04028
1000001583  212 89 334 199  0 0.05774
1000001584  212 89 334 199  0 0.07716
1000001585  218 95 334 205  -15 0.02322
1000001586  227 99 329 200  0 0.02555
1000001587  229 99 331 200  -30 0.04848
1000001588  229 99 331 200  -30 0.17546
1000001589  216 99 318 200  0 0.13978
